# Wavelength Flux
5.253812634573607284e+03 3.259370842835587044e-16
5.255807197485965844e+03 3.085967125807140544e-16
5.257801737562809649e+03 2.849555691244373734e-16
5.259796254788196165e+03 2.970931975420119983e-16
5.261790749146181952e+03 2.873088185724697072e-16
5.263785220620826294e+03 4.136273135216851834e-16
5.265779669196186660e+03 2.493130447865376867e-16
5.267774094856320517e+03 3.347585387424925165e-16
5.269768497585284422e+03 4.127021946674056717e-16
5.271762877367138572e+03 2.687890868902900887e-16
5.273757234185937705e+03 3.236008610953653311e-16
5.275751568025741108e+03 3.512695264380519393e-16
5.277745878870606248e+03 3.067370732638461902e-16
5.279740166704590592e+03 3.464612211063403337e-16
5.281734431511752518e+03 4.110229315438622104e-16
5.283728673276149493e+03 3.712832003897685371e-16
5.285722891981837165e+03 3.007037791632823500e-16
5.287717087612876639e+03 4.077358558511571048e-16
5.289711260153322655e+03 3.623843581158271134e-16
5.291705409587235408e+03 3.619436704342100952e-16
5.293699535898669637e+03 3.871032231598381984e-16
5.295693639071685539e+03 2.711098206197063630e-16
5.297687719090339669e+03 3.747413530549931348e-16
5.299681775938690407e+03 3.432165189435287999e-16
5.301675809600794310e+03 3.582910601093078276e-16
5.303669820060708844e+03 3.724804337121949365e-16
5.305663807302493296e+03 4.097259147036806709e-16
5.307657771310205135e+03 3.553208458189266810e-16
5.309651712067900007e+03 3.075764341783419674e-16
5.311645629559638110e+03 3.733163034837904514e-16
5.313639523769474181e+03 4.213883875713986413e-16
5.315633394681469326e+03 3.829556598763036096e-16
5.317627242279679194e+03 3.906146933607740018e-16
5.319621066548161252e+03 3.816504785641155889e-16
5.321614867470974787e+03 3.578552042757735124e-16
5.323608645032174536e+03 4.285356238610072807e-16
5.325602399215822516e+03 3.874038615925259579e-16
5.327596130005971645e+03 4.223680829493171247e-16
5.329589837386683939e+03 4.194280763940391431e-16
5.331583521342014137e+03 3.428413738800695700e-16
5.333577181856019706e+03 4.109927850332079775e-16
5.335570818912759933e+03 4.804041143097033453e-16
5.337564432496292284e+03 4.459258770507109601e-16
5.339558022590674227e+03 4.820215695567964514e-16
5.341551589179963230e+03 3.911378398882983074e-16
5.343545132248216760e+03 4.239056830393227122e-16
5.345538651779492284e+03 5.738742935018705182e-16
5.347532147757849089e+03 5.087787505645809305e-16
5.349525620167343732e+03 4.740205628420105040e-16
5.351519068992032771e+03 4.318161575642556153e-16
5.353512494215974584e+03 4.583519992017198766e-16
5.355505895823228457e+03 4.234883558045926701e-16
5.357499273797850037e+03 4.070271323762583938e-16
5.359492628123898612e+03 3.959491293901541301e-16
5.361485958785429830e+03 3.267892347411051405e-16
5.363479265766502976e+03 3.548407676468020084e-16
5.365472549051175520e+03 2.979372294337554662e-16
5.367465808623504927e+03 3.549872745662515103e-16
5.369459044467548665e+03 3.696467641439893731e-16
5.371452256567363293e+03 4.824591456988222054e-16
5.373445444907009005e+03 4.412229649055021623e-16
5.375438609470542360e+03 3.478492817490766514e-16
5.377431750242019916e+03 3.240895206972166602e-16
5.379424867205501869e+03 3.424926433903318245e-16
5.381417960345042957e+03 3.368752695807767111e-16
5.383411029644703376e+03 4.047131216827096354e-16
5.385404075088537866e+03 3.250378717795560552e-16
5.387397096660607531e+03 4.072215181378211702e-16
5.389390094344968020e+03 3.477652239613880008e-16
5.391383068125676800e+03 3.041016791770578823e-16
5.393376017986791339e+03 4.056662503049189753e-16
5.395368943912371833e+03 3.058432502448893572e-16
5.397361845886473020e+03 3.072643305574328768e-16
5.399354723893154187e+03 4.105790417266199799e-16
5.401347577916471892e+03 3.212296083481548139e-16
5.403340407940484511e+03 2.686615023168826419e-16
5.405333213949250421e+03 3.471964943905083561e-16
5.407325995926827090e+03 3.492104535330314755e-16
5.409318753857270167e+03 3.278016208438059310e-16
5.411311487724638937e+03 2.882790336003659535e-16
5.413304197512991777e+03 3.082915561467832127e-16
5.415296883206385246e+03 3.017165492649715841e-16
5.417289544788876810e+03 3.844354722391152359e-16
5.419282182244523938e+03 3.021850866719488624e-16
5.421274795557386824e+03 2.467810394017359248e-16
5.423267384711520208e+03 2.624582299278064597e-16
5.425259949690982467e+03 2.514234734569909454e-16
5.427252490479831977e+03 2.429629476017862981e-16
5.429245007062125296e+03 3.383689628912308854e-16
5.431237499421921711e+03 1.873616827609801788e-16
5.433229967543276871e+03 2.547563110879638736e-16
5.435222411410251880e+03 3.044832000019914155e-16
5.437214831006900567e+03 2.974935529360501423e-16
5.439207226317282220e+03 1.819974344390178301e-16
5.441199597325454306e+03 2.927421013792022190e-16
5.443191944015474292e+03 2.582653517927116043e-16
5.445184266371401463e+03 2.421401939816352893e-16
5.447176564377290561e+03 3.164197152820077889e-16
5.449168838017201779e+03 3.817615405446154521e-16
5.451161087275192585e+03 3.257955276346316420e-16
5.453153312135319538e+03 4.115680631503231784e-16
5.455145512581640105e+03 2.714925121818453870e-16
5.457137688598213572e+03 3.108160700823909083e-16
5.459129840169095587e+03 2.576762536488074990e-16
5.461121967278345437e+03 2.534778728330460474e-16
5.463114069910019680e+03 2.513672431849451789e-16
5.465106148048176692e+03 2.746731166220620209e-16
5.467098201676874851e+03 2.054350498833954820e-16
5.469090230780169804e+03 2.614726159032347509e-16
5.471082235342120839e+03 2.409256051623861345e-16
5.473074215346785422e+03 2.010402953770338806e-16
5.475066170778220112e+03 2.286596018059247504e-16
5.477058101620484194e+03 3.872981314440907883e-16
5.479050007857634228e+03 2.760715300571838249e-16
5.481041889473728588e+03 2.964832929557344966e-16
5.483033746452823834e+03 3.029861103951365119e-16
5.485025578778979252e+03 2.780637110097511772e-16
5.487017386436251400e+03 3.150340174523452379e-16
5.489009169408696835e+03 2.845895628680647841e-16
5.491000927680375753e+03 3.108691901593215124e-16
5.492992661235344713e+03 2.230504281850378541e-16
5.494984370057662090e+03 2.971661540321358634e-16
5.496976054131382625e+03 2.704560451566661813e-16
5.498967713440568332e+03 2.807347982758210366e-16
5.500959347969273040e+03 2.782838015269810581e-16
5.502950957701556035e+03 2.701209824427682497e-16
5.504942542621476605e+03 3.152290245863170269e-16
5.506934102713089487e+03 2.422710855929318596e-16
5.508925637960453969e+03 3.057163029242426806e-16
5.510917148347627517e+03 2.852341299113632911e-16
5.512908633858667599e+03 2.594782491481046686e-16
5.514900094477632592e+03 2.966530300295886887e-16
5.516891530188579054e+03 2.847835512968980435e-16
5.518882940975564452e+03 2.761449356461710893e-16
5.520874326822648072e+03 3.835514102467870316e-16
5.522865687713886473e+03 2.532151618708976118e-16
5.524857023633338031e+03 3.483113290084758382e-16
5.526848334565059304e+03 2.827378334254562444e-16
5.528839620493108669e+03 2.724942571028715829e-16
5.530830881401543593e+03 2.665037282110132130e-16
5.532822117274421544e+03 2.252774570769820649e-16
5.534813328095800898e+03 2.073828310081847597e-16
5.536804513849740033e+03 3.035847746787925266e-16
5.538795674520293687e+03 2.890581972223516643e-16
5.540786810091522966e+03 2.864212614922196893e-16
5.542777920547482609e+03 3.425336765949619173e-16
5.544769005872232810e+03 3.012692351574990402e-16
5.546760066049828310e+03 3.058779656064371405e-16
5.548751101064330214e+03 1.962941598385044163e-16
5.550742110899793261e+03 2.669053028177360544e-16
5.552733095540277645e+03 2.099946634132488725e-16
5.554724054969839017e+03 2.382425170509596575e-16
5.556714989172534843e+03 2.517980904479059707e-16
5.558705898132425318e+03 2.800599294678042316e-16
5.560696781833565183e+03 3.066119260317966509e-16
5.562687640260013723e+03 3.359614242378759378e-16
5.564678473395829315e+03 2.403486787918407800e-16
5.566669281225067607e+03 2.928239308541409948e-16
5.568660063731787886e+03 1.790270574130761164e-16
5.570650820900047620e+03 2.157912199392000536e-16
5.572641552713902456e+03 3.031087650875301664e-16
5.574632259157412591e+03 2.233644292715874212e-16
5.576622940214634582e+03 2.924234754538771292e-16
5.578613595869626806e+03 2.929951977866015536e-16
5.580604226106446731e+03 3.145839508863912841e-16
5.582594830909150915e+03 3.103338945950862217e-16
5.584585410261797733e+03 3.724271028080236563e-16
5.586575964148445564e+03 2.924008169300678941e-16
5.588566492553150965e+03 3.333666545123270189e-16
5.590556995459972313e+03 2.554713076330166896e-16
5.592547472852967985e+03 3.079942375274979927e-16
5.594537924716192720e+03 2.842261573903291918e-16
5.596528351033708532e+03 2.631967197936567321e-16
5.598518751789569251e+03 2.254536018541231783e-16
5.600509126967834163e+03 1.771785995572714964e-16
5.602499476552560736e+03 2.684556846619121781e-16
5.604489800527808256e+03 2.085701488104035260e-16
5.606480098877630553e+03 3.038787646523919378e-16
5.608470371586088731e+03 2.437540176681121588e-16
5.610460618637240259e+03 2.729951284932853226e-16
5.612450840015140784e+03 2.295411002412450320e-16
5.614441035703848684e+03 3.235508931325008234e-16
5.616431205687422334e+03 2.229699926944388833e-16
5.618421349949920113e+03 2.980040962075480053e-16
5.620411468475397669e+03 3.405008373197126520e-16
5.622401561247914287e+03 3.077701209617669368e-16
5.624391628251526527e+03 3.278678073589310032e-16
5.626381669470292763e+03 2.262004070416230852e-16
5.628371684888270465e+03 1.780611933408148510e-16
5.630361674489517100e+03 3.115905470306918570e-16
5.632351638258091043e+03 3.371245127514893688e-16
5.634341576178048854e+03 2.945505802946931590e-16
5.636331488233448908e+03 2.569347985126755253e-16
5.638321374408348674e+03 3.163568518288757486e-16
5.640311234686805619e+03 2.698513373245428814e-16
5.642301069052879029e+03 1.943989991073392446e-16
5.644290877490624553e+03 2.918123576358842218e-16
5.646280659984100566e+03 2.452341773510019543e-16
5.648270416517364538e+03 3.025084920841728138e-16
5.650260147074473934e+03 3.452971010048948419e-16
5.652249851639488043e+03 2.303495366691916334e-16
5.654239530196462511e+03 2.912557479529377022e-16
5.656229182729455715e+03 3.370840170554008171e-16
5.658218809222525124e+03 2.641617942715433668e-16
5.660208409659729114e+03 2.226523821628920205e-16
5.662197984025124242e+03 2.896277968404549300e-16
5.664187532302770705e+03 2.494036865387111566e-16
5.666177054476722333e+03 2.508157062833323169e-16
5.668166550531039320e+03 2.469172888038548161e-16
5.670156020449780044e+03 2.433730017312768404e-16
5.672145464216999244e+03 2.741987564232597152e-16
5.674134881816757115e+03 2.403994055051527803e-16
5.676124273233110216e+03 2.505281537769815452e-16
5.678113638450116923e+03 2.427804000831376561e-16
5.680102977451834704e+03 2.457337750958106694e-16
5.682092290222321026e+03 2.127676276650225892e-16
5.684081576745633356e+03 2.230060870628623074e-16
5.686070837005829162e+03 3.517498840952604247e-16
5.688060070986966821e+03 2.917128005857444075e-16
5.690049278673102890e+03 2.201251639920017170e-16
5.692038460048297566e+03 2.250808042542478821e-16
5.694027615096605587e+03 1.896244090026397630e-16
5.696016743802085330e+03 2.565322512662283857e-16
5.698005846148795172e+03 2.329171287696116939e-16
5.699994922120793490e+03 2.949779826341154566e-16
5.701983971702136841e+03 3.111799814282538336e-16
5.703972994876881785e+03 2.710914477922078044e-16
5.705961991629088516e+03 2.131229994755727912e-16
5.707950961942813592e+03 2.544443430225781516e-16
5.709939905802113572e+03 2.451113525069867006e-16
5.711928823191047741e+03 2.954734523794463422e-16
5.713917714093673567e+03 2.242933080177185043e-16
5.715906578494046698e+03 2.293242363508235959e-16
5.717895416376228241e+03 2.154751788613135326e-16
5.719884227724272932e+03 2.581723360147318845e-16
5.721873012522240060e+03 2.684196029472849752e-16
5.723861770754187091e+03 2.950310928173608467e-16
5.725850502404170584e+03 3.794944280993573575e-16
5.727839207456248914e+03 3.242831925581180284e-16
5.729827885894480460e+03 2.960152138996250721e-16
5.731816537702921778e+03 2.775184884225807640e-16
5.733805162865630336e+03 1.952115072732450346e-16
5.735793761366665422e+03 2.336085264491284435e-16
5.737782333190084501e+03 2.592022510645272052e-16
5.739770878319943222e+03 2.101412981201373498e-16
5.741759396740300872e+03 3.431305255413592184e-16
5.743747888435214918e+03 2.628234767261296845e-16
5.745736353388742828e+03 2.902714712499929128e-16
5.747724791584942977e+03 2.557006803592868664e-16
5.749713203007871925e+03 2.871202755733883503e-16
5.751701587641587139e+03 2.802877233572539927e-16
5.753689945470147904e+03 3.279468371816140738e-16
5.755678276477610780e+03 3.169051350888507789e-16
5.757666580648033232e+03 1.361913046454851075e-16
5.759654857965473639e+03 2.453080346086413670e-16
5.761643108413989466e+03 2.635723613897439781e-16
5.763631331977637274e+03 2.192894021113403792e-16
5.765619528640476346e+03 3.515795453820402765e-16
5.767607698386564152e+03 2.720390187792802568e-16
5.769595841199957249e+03 2.542115533011883455e-16
5.771583957064714014e+03 2.317535680336846836e-16
5.773572045964892823e+03 2.179164888911440188e-16
5.775560107884550234e+03 2.856220815044501070e-16
5.777548142807743716e+03 1.972394971144948114e-16
5.779536150718531644e+03 3.137388946282656158e-16
5.781524131600972396e+03 3.265932554573851555e-16
5.783512085439122529e+03 3.066502425773566558e-16
5.785500012217039512e+03 2.364713396425620259e-16
5.787487911918780810e+03 2.334432350791574707e-16
5.789475784528406621e+03 2.401538953196781966e-16
5.791463630029971682e+03 2.602324127359412954e-16
5.793451448407534372e+03 1.561881774892472466e-16
5.795439239645153066e+03 2.286439680226395085e-16
5.797427003726885232e+03 3.498607711861382471e-16
5.799414740636788338e+03 2.742132861573585149e-16
5.801402450358920760e+03 1.790856456111153699e-16
5.803390132877338146e+03 1.683227788014860269e-16
5.805377788176100694e+03 3.192098144408400056e-16
5.807365416239264960e+03 3.021200136249773440e-16
5.809353017050887502e+03 1.700221682377108229e-16
5.811340590595027606e+03 3.106469791688740284e-16
5.813328136855742741e+03 1.831879683252747698e-16
5.815315655817089464e+03 2.731323561669527990e-16
5.817303147463126152e+03 2.936534909478050001e-16
5.819290611777912090e+03 3.109650440277856900e-16
5.821278048745502019e+03 3.203635991631593773e-16
5.823265458349955225e+03 3.729407700402748606e-16
5.825252840575329174e+03 3.233050254219484652e-16
5.827240195405682243e+03 1.746695153322324433e-16
5.829227522825070992e+03 1.463087948169818541e-16
5.831214822817551976e+03 1.519757988501936166e-16
5.833202095367186303e+03 2.717877300396960618e-16
5.835189340458028710e+03 1.741071843235063128e-16
5.837176558074137574e+03 2.644688177981831626e-16
5.839163748199571273e+03 3.477944344108883567e-16
5.841150910818387274e+03 2.166783490514573565e-16
5.843138045914642134e+03 2.022554431869784732e-16
5.845125153472395141e+03 2.175002566065003808e-16
5.847112233475703761e+03 2.661541588245848131e-16
5.849099285908623642e+03 3.066126815785590652e-16
5.851086310755214981e+03 2.332409908841319215e-16
5.853073307999534336e+03 3.249948779311192797e-16
5.855060277625639173e+03 2.664089647356557311e-16
5.857047219617586961e+03 3.568395668721605202e-16
5.859034133959436076e+03 2.911124323167032058e-16
5.861021020635243985e+03 3.006268528221909991e-16
5.863007879629069066e+03 4.407679493664207785e-16
5.864994710924966967e+03 2.791603749204596635e-16
5.866981514506996973e+03 2.512635524842565213e-16
5.868968290359216553e+03 2.754900162939488834e-16
5.870955038465683174e+03 2.679809010004714662e-16
5.872941758810455212e+03 2.943991416092055631e-16
5.874928451377589226e+03 3.511510979631489111e-16
5.876915116151143593e+03 1.671432905373032595e-16
5.878901753115174870e+03 2.436695863186912456e-16
5.880888362253742343e+03 2.078610737156062002e-16
5.882874943550903481e+03 2.052525878131499078e-16
5.884861496990713931e+03 2.787221616285233450e-16
5.886848022557232980e+03 2.382101985284204527e-16
5.888834520234519005e+03 2.600520047266698916e-16
5.890820990006628563e+03 1.983279406360466276e-16
5.892807431857620031e+03 1.667993430483052799e-16
5.894793845771549059e+03 2.576596379091253004e-16
5.896780231732476750e+03 2.972107709325960569e-16
5.898766589724457845e+03 2.648156503433971929e-16
5.900752919731550719e+03 1.926870002963708306e-16
5.902739221737813750e+03 3.435095910835107179e-16
5.904725495727305315e+03 2.075266000276980282e-16
5.906711741684081062e+03 2.729868198819767008e-16
5.908697959592198458e+03 2.981186343833857886e-16
5.910684149435717700e+03 3.242609150650851665e-16
5.912670311198695345e+03 2.782225823951162994e-16
5.914656444865187950e+03 2.662243146589611593e-16
5.916642550419254803e+03 3.238579033669984001e-16
5.918628627844952462e+03 2.620662151785186585e-16
5.920614677126338393e+03 2.439779550207042913e-16
5.922600698247471882e+03 2.431396585265386367e-16
5.924586691192409489e+03 2.657510383334773396e-16
5.926572655945207771e+03 3.455572573826577185e-16
5.928558592489926014e+03 2.069521509519145324e-16
5.930544500810621685e+03 1.925156255794430305e-16
5.932530380891352252e+03 2.004103293510930539e-16
5.934516232716175182e+03 2.551388471780836641e-16
5.936502056269147943e+03 2.297512923362151705e-16
5.938487851534328911e+03 2.036191663786695449e-16
5.940473618495774645e+03 3.094374109395711818e-16
5.942459357137544430e+03 2.496910716930917566e-16
5.944445067443694825e+03 2.252601097578210490e-16
5.946430749398283297e+03 2.464855093329739360e-16
5.948416402985369132e+03 2.769970286156454578e-16
5.950402028189007979e+03 2.893351373833886303e-16
5.952387624993258214e+03 2.904317307581137223e-16
5.954373193382178215e+03 2.383744793974633548e-16
5.956358733339824539e+03 2.202409292061035841e-16
5.958344244850255564e+03 1.960965561303521849e-16
5.960329727897529665e+03 2.718217965185790541e-16
5.962315182465701582e+03 1.414952870938373045e-16
5.964300608538832421e+03 2.457801913815735555e-16
5.966286006100978739e+03 3.182808286396473480e-16
5.968271375136197094e+03 3.194888758562680305e-16
5.970256715628545862e+03 2.516956740877093001e-16
5.972242027562084331e+03 1.578757414744881606e-16
5.974227310920867239e+03 3.463516177976770591e-16
5.976212565688954783e+03 2.876786054113817199e-16
5.978197791850402609e+03 2.932911730166835452e-16
5.980182989389269096e+03 3.202868529029078464e-16
5.982168158289612620e+03 1.648966121919095312e-16
5.984153298535491558e+03 3.122494537905152011e-16
5.986138410110959740e+03 2.785731687599128557e-16
5.988123493000080089e+03 1.816640961538733097e-16
5.990108547186906435e+03 2.904632071311711453e-16
5.992093572655498065e+03 3.432322690539056501e-16
5.994078569389911536e+03 3.273450524836655874e-16
5.996063537374206135e+03 2.480394792769457022e-16
5.998048476592438419e+03 2.340661248428952768e-16
6.000033387028665857e+03 2.645294135583656078e-16
6.002018268666946824e+03 2.708138132856113510e-16
6.004003121491338788e+03 2.734457646515005391e-16
6.005987945485900127e+03 2.826287686021763846e-16
6.007972740634686488e+03 2.053287182987314383e-16
6.009957506921757158e+03 2.125760106361400210e-16
6.011942244331168695e+03 1.943265042493021959e-16
6.013926952846981294e+03 2.198578732370035810e-16
6.015911632453249695e+03 1.880514821489211008e-16
6.017896283134032274e+03 1.651070135868491484e-16
6.019880904873387408e+03 3.280141962337105282e-16
6.021865497655372565e+03 2.440444467692620758e-16
6.023850061464045211e+03 2.322390165947191823e-16
6.025834596283463725e+03 2.167718277606972166e-16
6.027819102097684663e+03 2.481595528804714653e-16
6.029803578890765493e+03 2.028800905547039280e-16
6.031788026646766411e+03 2.713600582133296184e-16
6.033772445349741247e+03 2.083613033520824957e-16
6.035756834983752015e+03 2.378845701905883979e-16
6.037741195532852544e+03 2.694803582648114722e-16
6.039725526981102121e+03 2.094109747067160914e-16
6.041709829312559123e+03 2.744098319050120028e-16
6.043694102511280107e+03 2.041975808576714294e-16
6.045678346561322542e+03 1.678020487973736721e-16
6.047662561446744803e+03 2.782254066956388412e-16
6.049646747151604359e+03 2.119393518372283457e-16
6.051630903659959586e+03 2.070132572163342126e-16
6.053615030955866132e+03 2.246099384848752651e-16
6.055599129023384194e+03 2.573055874590996228e-16
6.057583197846569419e+03 2.254408620386786919e-16
6.059567237409481095e+03 2.060915575388662920e-16
6.061551247696175778e+03 2.125090630654185161e-16
6.063535228690710937e+03 3.077544182381105395e-16
6.065519180377144949e+03 2.814633747326193195e-16
6.067503102739536189e+03 3.251135537682592433e-16
6.069486995761940307e+03 2.386395183534350440e-16
6.071470859428416588e+03 2.518969276827225913e-16
6.073454693723022501e+03 2.543308050742595555e-16
6.075438498629814603e+03 3.011547926030088630e-16
6.077422274132852181e+03 2.167776265111848719e-16
6.079406020216190882e+03 3.022405986305300207e-16
6.081389736863890903e+03 1.947954772348162280e-16
6.083373424060007892e+03 2.790877609513851588e-16
6.085357081788601135e+03 2.579729507269102191e-16
6.087340710033726282e+03 2.269326127939032397e-16
6.089324308779442617e+03 2.348197118109992120e-16
6.091307878009807609e+03 2.611269715316613743e-16
6.093291417708878726e+03 3.347373753430190773e-16
6.095274927860712523e+03 2.086989591747094578e-16
6.097258408449368289e+03 2.465479461556340010e-16
6.099241859458903491e+03 2.381612615139326229e-16
6.101225280873374686e+03 2.565370090523161701e-16
6.103208672676841161e+03 2.608813943862956070e-16
6.105192034853358564e+03 2.074237042455882310e-16
6.107175367386986181e+03 2.361729183558827911e-16
6.109158670261780571e+03 2.524482823778528797e-16
6.111141943461801020e+03 2.210145819253070694e-16
6.113125186971104085e+03 1.879810336019855461e-16
6.115108400773747235e+03 1.919119991621077965e-16
6.117091584853787936e+03 1.660745131991070534e-16
6.119074739195285474e+03 2.001357080661646018e-16
6.121057863782296408e+03 2.320106594103792548e-16
6.123040958598877296e+03 2.772030255844783802e-16
6.125024023629087424e+03 2.663184431549371638e-16
6.127007058856983349e+03 2.577602580163890630e-16
6.128990064266625268e+03 3.282031001494105240e-16
6.130973039842067010e+03 2.364729130252198367e-16
6.132955985567368771e+03 1.760725067349004595e-16
6.134938901426587108e+03 2.634301109907779426e-16
6.136921787403781309e+03 3.037051251146007315e-16
6.138904643483007021e+03 2.758712656386621370e-16
6.140887469648323531e+03 2.419317652223794420e-16
6.142870265883787397e+03 2.269744843112055083e-16
6.144853032173456086e+03 2.866649700542709189e-16
6.146835768501388884e+03 2.356648037171090266e-16
6.148818474851642350e+03 2.060502902222244466e-16
6.150801151208273950e+03 2.367404619710196493e-16
6.152783797555341152e+03 2.903514464560799625e-16
6.154766413876903243e+03 2.404113083852425077e-16
6.156749000157014962e+03 2.458631459480835463e-16
6.158731556379738322e+03 2.175051235542585371e-16
6.160714082529126244e+03 2.292412141757765625e-16
6.162696578589239834e+03 1.345054846665830474e-16
6.164679044544134740e+03 2.668080257452019421e-16
6.166661480377870248e+03 2.661277925287262225e-16
6.168643886074502916e+03 1.729740971864058305e-16
6.170626261618090211e+03 3.066430546567083739e-16
6.172608606992691421e+03 2.157200018306517757e-16
6.174590922182362192e+03 1.740169894257947442e-16
6.176573207171160902e+03 2.192773707407228286e-16
6.178555461943145929e+03 2.666743030929378004e-16
6.180537686482373829e+03 2.496562089092327475e-16
6.182519880772903889e+03 2.271139611358658621e-16
6.184502044798791758e+03 1.930086990487395217e-16
6.186484178544096721e+03 2.814853843140005489e-16
6.188466281992876247e+03 2.376682583006343019e-16
6.190448355129186893e+03 2.732858715440138861e-16
6.192430397937087037e+03 2.815112584722033551e-16
6.194412410400633235e+03 2.647766105231519968e-16
6.196394392503885683e+03 2.231607674511083449e-16
6.198376344230900941e+03 2.095565156632870026e-16
6.200358265565735564e+03 2.576824003521348272e-16
6.202340156492447932e+03 1.586358970243739919e-16
6.204322016995096419e+03 1.688983118794005141e-16
6.206303847057737585e+03 2.203958872507378441e-16
6.208285646664429805e+03 2.270027498105894071e-16
6.210267415799230548e+03 2.886755001420890452e-16
6.212249154446197281e+03 3.243926708932023973e-16
6.214230862589387471e+03 2.311702920459801424e-16
6.216212540212860404e+03 2.423743258214727033e-16
6.218194187300670819e+03 2.092118775798545985e-16
6.220175803836879822e+03 2.918123009172955294e-16
6.222157389805543062e+03 2.356051941833881257e-16
6.224138945190718005e+03 2.851183885729959133e-16
6.226120469976462118e+03 3.111684303812520109e-16
6.228101964146834689e+03 2.568210042552258354e-16
6.230083427685892275e+03 1.776490331957492260e-16
6.232064860577692343e+03 2.465202526535812236e-16
6.234046262806293271e+03 2.210728516992538601e-16
6.236027634355752525e+03 2.018683357864906184e-16
6.238008975210127574e+03 2.171064657760352961e-16
6.239990285353475883e+03 3.171969463333369075e-16
6.241971564769855831e+03 3.190705705181796760e-16
6.243952813443323976e+03 2.529273534601069127e-16
6.245934031357939602e+03 2.804608182326276226e-16
6.247915218497759270e+03 1.919185530717354064e-16
6.249896374846839535e+03 2.480217102211750746e-16
6.251877500389240595e+03 2.060946662999930098e-16
6.253858595109019006e+03 2.735657264969221964e-16
6.255839658990232238e+03 2.086665132446792794e-16
6.257820692016937755e+03 1.970893102349489971e-16
6.259801694173193027e+03 2.677903819536922665e-16
6.261782665443057340e+03 2.412929425887334756e-16
6.263763605810585432e+03 2.566732997726471170e-16
6.265744515259838408e+03 2.449347386215411535e-16
6.267725393774871918e+03 2.559709449434103466e-16
6.269706241339743428e+03 2.078162139326281862e-16
6.271687057938512226e+03 2.058581565877329910e-16
6.273667843555233958e+03 2.066006530934399681e-16
6.275648598173967912e+03 1.890980129693469645e-16
6.277629321778770645e+03 1.533845532890650805e-16
6.279610014353700535e+03 3.038027397988937922e-16
6.281590675882815049e+03 1.634687545629103893e-16
6.283571306350171653e+03 2.471620159520762157e-16
6.285551905739828726e+03 2.008317797881594665e-16
6.287532474035842824e+03 1.548964534233076134e-16
6.289513011222272326e+03 2.005583108584721683e-16
6.291493517283174697e+03 1.405065142196277072e-16
6.293473992202607405e+03 2.771126852405571083e-16
6.295454435964628829e+03 2.841058702512623548e-16
6.297434848553295524e+03 2.094722408568441697e-16
6.299415229952666778e+03 1.392431718654601487e-16
6.301395580146800057e+03 1.478064776283581196e-16
6.303375899119750102e+03 2.692619522643741547e-16
6.305356186855578017e+03 1.988409382311781844e-16
6.307336443338340359e+03 2.521726548721397271e-16
6.309316668552093688e+03 2.235571616089198260e-16
6.311296862480898199e+03 2.314531454169166564e-16
6.313277025108808630e+03 1.755362308380166791e-16
6.315257156419884268e+03 2.853490250775142814e-16
6.317237256398183490e+03 2.163899048143485321e-16
6.319217325027761945e+03 2.722540487233533605e-16
6.321197362292678918e+03 2.336468953648430679e-16
6.323177368176991877e+03 1.932603510094340266e-16
6.325157342664757380e+03 2.103142605484449754e-16
6.327137285740033803e+03 1.645728379428567617e-16
6.329117197386878615e+03 2.343230196622319253e-16
6.331097077589351102e+03 1.847760588559221647e-16
6.333076926331506911e+03 2.002434422048528171e-16
6.335056743597404420e+03 1.916497237348327376e-16
6.337036529371101096e+03 2.357287995267570730e-16
6.339016283636654407e+03 1.913912805680559829e-16
6.340996006378123639e+03 2.656275104604576113e-16
6.342975697579563530e+03 2.930113007858243480e-16
6.344955357225034277e+03 2.254253329459613112e-16
6.346934985298592437e+03 2.235550231606646349e-16
6.348914581784296388e+03 1.659554470823404978e-16
6.350894146666203596e+03 1.426263152996961812e-16
6.352873679928370620e+03 2.560851955156664061e-16
6.354853181554855837e+03 2.723937441310757190e-16
6.356832651529717623e+03 2.613854108282080363e-16
6.358812089837013446e+03 1.858878631595489418e-16
6.360791496460800772e+03 2.300574223147980462e-16
6.362770871385136161e+03 2.511488256648893562e-16
6.364750214594077988e+03 3.289822956613143283e-16
6.366729526071685541e+03 2.131508607574946276e-16
6.368708805802014467e+03 2.183279819875838207e-16
6.370688053769123144e+03 2.620935113938834899e-16
6.372667269957069038e+03 2.939745632555846709e-16
6.374646454349909618e+03 2.521303666747913915e-16
6.376625606931704169e+03 3.169659603717043944e-16
6.378604727686508340e+03 1.667765739634353858e-16
6.380583816598380508e+03 1.556622095265149814e-16
6.382562873651378140e+03 1.640448710269251340e-16
6.384541898829558704e+03 2.292833581359820158e-16
6.386520892116981486e+03 3.117311704371937398e-16
6.388499853497702134e+03 1.770474927729629771e-16
6.390478782955780844e+03 2.293369579827124689e-16
6.392457680475272355e+03 2.764885159400682384e-16
6.394436546040235044e+03 2.689281650480337392e-16
6.396415379634727287e+03 2.478759525061749426e-16
6.398394181242807463e+03 2.104043477037777438e-16
6.400372950848532128e+03 1.374833479888802080e-16
6.402351688435958749e+03 2.267829703443836542e-16
6.404330393989145705e+03 1.556138081365189301e-16
6.406309067492150461e+03 1.934957068055247218e-16
6.408287708929030487e+03 1.757243479107874390e-16
6.410266318283843248e+03 2.305684806475593461e-16
6.412244895540647121e+03 2.179045462488393841e-16
6.414223440683499575e+03 2.094894482685683499e-16
6.416201953696458077e+03 2.237468735709143828e-16
6.418180434563581002e+03 1.979131845417153876e-16
6.420158883268924001e+03 1.723058797361550037e-16
6.422137299796546358e+03 1.735988001548689952e-16
6.424115684130506452e+03 2.932835881665022185e-16
6.426094036254860839e+03 1.702495443686128286e-16
6.428072356153666988e+03 2.245978850055721952e-16
6.430050643810982365e+03 2.521620777192797743e-16
6.432028899210865347e+03 1.881653626749498053e-16
6.434007122337374312e+03 1.942936971697053664e-16
6.435985313174564908e+03 1.837074897926202907e-16
6.437963471706496421e+03 1.867955919694354788e-16
6.439941597917226318e+03 1.983322508901646965e-16
6.441919691790812067e+03 2.506407542448213634e-16
6.443897753311311135e+03 2.244948168314168607e-16
6.445875782462780990e+03 2.496431929135559089e-16
6.447853779229280008e+03 1.979167952581195822e-16
6.449831743594865657e+03 2.281922092907781656e-16
6.451809675543594494e+03 2.186479093755194351e-16
6.453787575059526716e+03 2.752251472747827985e-16
6.455765442126717062e+03 3.056595061067129431e-16
6.457743276729224817e+03 2.482048628689831135e-16
6.459721078851107450e+03 2.530292554397445731e-16
6.461698848476423336e+03 1.429522108994643141e-16
6.463676585589228125e+03 2.716580304306421957e-16
6.465654290173581103e+03 1.936810394179444624e-16
6.467631962213539737e+03 2.373132107461311878e-16
6.469609601693162404e+03 3.342550192778496512e-16
6.471587208596504752e+03 1.834399442955584666e-16
6.473564782907626068e+03 2.385500023036978807e-16
6.475542324610583819e+03 3.148994142181341768e-16
6.477519833689433653e+03 1.724613834962441724e-16
6.479497310128237586e+03 3.161921148600483646e-16
6.481474753911048538e+03 2.583830436080812253e-16
6.483452165021927613e+03 2.096515036637532606e-16
6.485429543444930459e+03 2.084365473206838760e-16
6.487406889164116365e+03 2.870376785530213333e-16
6.489384202163540976e+03 2.743879208377815102e-16
6.491361482427264491e+03 3.056233683146542995e-16
6.493338729939341647e+03 3.685119774024630541e-16
6.495315944683832640e+03 2.492949080082835009e-16
6.497293126644794029e+03 1.523659928335708993e-16
6.499270275806284189e+03 2.918331766347861558e-16
6.501247392152358771e+03 2.653538137920672072e-16
6.503224475667077968e+03 2.367387561722145226e-16
6.505201526334498340e+03 1.620741859088700925e-16
6.507178544138676443e+03 1.562169436032312555e-16
6.509155529063672475e+03 1.817254813639649815e-16
6.511132481093542083e+03 2.344380994965078176e-16
6.513109400212343644e+03 1.945109471666044367e-16
6.515086286404134626e+03 2.285011019612446977e-16
6.517063139652973405e+03 2.355099854891316834e-16
6.519039959942916539e+03 2.123965566798615622e-16
6.521016747258021496e+03 2.245109229344145137e-16
6.522993501582348472e+03 2.624260108853053977e-16
6.524970222899952205e+03 2.148581274982420693e-16
6.526946911194891072e+03 2.727456246840185532e-16
6.528923566451224360e+03 2.324449202441837956e-16
6.530900188653007717e+03 2.185511875746701512e-16
6.532876777784300430e+03 8.229162616245611678e-17
6.534853333829158146e+03 2.453558322424052300e-16
6.536829856771641062e+03 2.160137192932333144e-16
6.538806346595804825e+03 3.177616468262830661e-16
6.540782803285707814e+03 1.762210430933578439e-16
6.542759226825407495e+03 2.566520832149557900e-16
6.544735617198962245e+03 1.853783172365719052e-16
6.546711974390429532e+03 2.833630656554027227e-16
6.548688298383865913e+03 3.467235201391573798e-16
6.550664589163330675e+03 1.920211792562925531e-16
6.552640846712880375e+03 2.874912265529355936e-16
6.554617071016573391e+03 2.289393434248054517e-16
6.556593262058466280e+03 2.765886614182693246e-16
6.558569419822617419e+03 2.381007045306385933e-16
6.560545544293085186e+03 2.215293382416753563e-16
6.562521635453926137e+03 2.748402983775586413e-16
6.564497693289197741e+03 3.156490546376337200e-16
6.566473717782959284e+03 1.742857304898867861e-16
6.568449708919266413e+03 2.311898181049490283e-16
6.570425666682178417e+03 2.135912430798407047e-16
6.572401591055752760e+03 3.241191391108773252e-16
6.574377482024046913e+03 2.091265338934148298e-16
6.576353339571118340e+03 2.477802736078256256e-16
6.578329163681022692e+03 2.039999863907663261e-16
6.580304954337821982e+03 2.616554506224600912e-16
6.582280711525570950e+03 3.081150434459366903e-16
6.584256435228327973e+03 2.814202410503548863e-16
6.586232125430149608e+03 2.862569407528981170e-16
6.588207782115096052e+03 1.898455951427849310e-16
6.590183405267222042e+03 2.082486376868602983e-16
6.592158994870587776e+03 2.432167918136696359e-16
6.594134550909249811e+03 1.917680103345598261e-16
6.596110073367264704e+03 2.852296068201027003e-16
6.598085562228692652e+03 3.151001983787934608e-16
6.600061017477588393e+03 2.585415120662188287e-16
6.602036439098012124e+03 1.762845873808048816e-16
6.604011827074020403e+03 3.261318727229304592e-16
6.605987181389671605e+03 3.235923157812606502e-16
6.607962502029022289e+03 3.297923230755860057e-16
6.609937788976130832e+03 2.667206693837164210e-16
6.611913042215053792e+03 2.691213693110296153e-16
6.613888261729850456e+03 2.134996749528292758e-16
6.615863447504578289e+03 1.795352433747843975e-16
6.617838599523292942e+03 3.258110208480920103e-16
6.619813717770055518e+03 3.184143143433082954e-16
6.621788802228920758e+03 1.586742259606094841e-16
6.623763852883947038e+03 2.368529487405507328e-16
6.625738869719192735e+03 2.327855509690384070e-16
6.627713852718714406e+03 1.352254479131013966e-16
6.629688801866571339e+03 2.537222226603496886e-16
6.631663717146820090e+03 2.724180773729377285e-16
6.633638598543518128e+03 1.959100070313072773e-16
6.635613446040723829e+03 2.582321269200279034e-16
6.637588259622494661e+03 2.386087395803822305e-16
6.639563039272889000e+03 2.957012243973002885e-16
6.641537784975962495e+03 2.617021367338416264e-16
6.643512496715773523e+03 2.433142904435696537e-16
6.645487174476381369e+03 2.651722398654856262e-16
6.647461818241842593e+03 2.163762890758228551e-16
6.649436427996214661e+03 3.167179030796099592e-16
6.651411003723555041e+03 2.638218053774638155e-16
6.653385545407922109e+03 2.737239774767090912e-16
6.655360053033373333e+03 2.547306806169228782e-16
6.657334526583967090e+03 1.749814880452108745e-16
6.659308966043758119e+03 2.499215736085504743e-16
6.661283371396808434e+03 2.114515182595851799e-16
6.663257742627172775e+03 2.394254619933909195e-16
6.665232079718908608e+03 1.613214799299568984e-16
6.667206382656075220e+03 2.836309118330351335e-16
6.669180651422730080e+03 2.468645498861292114e-16
6.671154886002928833e+03 2.850370827438647386e-16
6.673129086380731678e+03 2.460663241067217616e-16
6.675103252540195172e+03 2.669097599213110519e-16
6.677077384465377691e+03 1.807427091343767259e-16
6.679051482140335793e+03 2.916559929168237208e-16
6.681025545549126946e+03 2.332021629677951361e-16
6.682999574675810436e+03 2.231780269108966422e-16
6.684973569504442821e+03 2.992925995873496247e-16
6.686947530019080659e+03 2.356031001629177298e-16
6.688921456203785056e+03 2.147592906633280816e-16
6.690895348042609839e+03 1.992973004081881594e-16
6.692869205519615207e+03 2.794432027023675491e-16
6.694843028618857716e+03 3.206268803176002473e-16
6.696816817324396652e+03 3.213803989683468232e-16
6.698790571620286755e+03 1.441184686608140904e-16
6.700764291490588221e+03 1.827580732649667153e-16
6.702737976919357607e+03 1.997977207818968202e-16
6.704711627890652380e+03 1.944172448589722445e-16
6.706685244388530919e+03 2.299704961405068233e-16
6.708658826397049779e+03 2.474928807717304243e-16
6.710632373900268249e+03 1.619181882153745254e-16
6.712605886882242885e+03 1.717753286683978916e-16
6.714579365327032065e+03 1.384787129623073177e-16
6.716552809218692346e+03 2.453785361057358519e-16
6.718526218541283015e+03 2.395829491831090439e-16
6.720499593278860630e+03 2.963161504518287648e-16
6.722472933415481748e+03 1.530159675851514022e-16
6.724446238935206566e+03 2.946160137573842023e-16
6.726419509822091641e+03 1.787016559879053250e-16
6.728392746060193531e+03 2.309446046152238449e-16
6.730365947633571523e+03 2.322287848649896122e-16
6.732339114526283083e+03 1.650920765339554698e-16
6.734312246722384771e+03 2.314330041121820133e-16
6.736285344205934962e+03 2.161770786290297113e-16
6.738258406960992033e+03 2.233465112409617322e-16
6.740231434971612543e+03 2.566500603007686308e-16
6.742204428221853959e+03 2.917491073181585098e-16
6.744177386695775567e+03 2.414583857781046663e-16
6.746150310377433016e+03 2.839684607489943291e-16
6.748123199250885591e+03 2.440781985394065240e-16
6.750096053300189851e+03 3.226897191116461082e-16
6.752068872509404173e+03 1.808905096829969096e-16
6.754041656862586024e+03 2.332720821155753721e-16
6.756014406343793780e+03 3.182926708894213470e-16
6.757987120937083091e+03 2.644617908741681117e-16
6.759959800626514152e+03 2.503016309608481103e-16
6.761932445396142612e+03 2.361767304781013011e-16
6.763905055230026846e+03 2.480139518204470532e-16
6.765877630112225233e+03 2.112583475047691148e-16
6.767850170026793421e+03 2.720145922146085817e-16
6.769822674957792515e+03 2.747255259999184181e-16
6.771795144889276344e+03 1.900798860178916267e-16
6.773767579805306013e+03 3.160889516695411932e-16
6.775739979689936263e+03 2.515766298205577636e-16
6.777712344527226378e+03 2.327594078953042815e-16
6.779684674301233827e+03 2.339554629428349458e-16
6.781656968996016076e+03 2.920226697226148837e-16
6.783629228595631503e+03 2.743242969358997699e-16
6.785601453084136665e+03 2.583262924689223571e-16
6.787573642445589030e+03 2.079433190027943737e-16
6.789545796664047884e+03 3.509634455872108591e-16
6.791517915723568876e+03 3.142526876862738121e-16
6.793489999608211292e+03 2.813943612773997786e-16
6.795462048302033509e+03 2.388880783593220832e-16
6.797434061789090265e+03 1.839724792878990393e-16
6.799406040053441757e+03 1.911920039737710856e-16
6.801377983079144542e+03 2.513835325279490554e-16
6.803349890850256998e+03 1.894273567104696339e-16
6.805321763350835681e+03 2.357166898252277843e-16
6.807293600564938970e+03 2.923234990896823188e-16
6.809265402476625241e+03 2.959517800280803735e-16
6.811237169069950141e+03 2.596332026324017297e-16
6.813208900328973868e+03 2.872298855530094966e-16
6.815180596237752070e+03 2.806468448946346206e-16
6.817152256780344032e+03 2.333940898541401957e-16
6.819123881940806314e+03 2.677422313241833758e-16
6.821095471703196381e+03 1.464978768277684342e-16
6.823067026051572611e+03 2.209203864057369475e-16
6.825038544969992472e+03 2.689037055615769781e-16
6.827010028442513430e+03 2.941404163837741518e-16
6.828981476453192954e+03 1.650161014090725484e-16
6.830952888986090329e+03 2.086393180320001512e-16
6.832924266025260295e+03 2.940806710223158254e-16
6.834895607554763956e+03 2.930597085344441289e-16
6.836866913558656051e+03 3.208149556100832080e-16
6.838838184020995868e+03 2.257670536198056136e-16
6.840809418925840873e+03 1.911698232169799889e-16
6.842780618257247625e+03 2.584614889858904548e-16
6.844751781999275408e+03 2.965387819315865754e-16
6.846722910135980783e+03 1.802493628189241003e-16
6.848694002651422124e+03 2.302609263429310187e-16
6.850665059529656901e+03 3.034762312343513081e-16
6.852636080754742579e+03 2.170856209156274932e-16
6.854607066310736627e+03 2.545656893687123349e-16
6.856578016181696512e+03 1.783046051864486233e-16
6.858548930351680610e+03 1.311137376993479040e-16
6.860519808804747299e+03 1.209825300067102320e-16
6.862490651524952227e+03 2.636678431694886457e-16
6.864461458496354680e+03 3.093237595098724156e-16
6.866432229703011217e+03 2.210020252722780503e-16
6.868402965128980213e+03 2.315268954693435480e-16
6.870373664758319137e+03 2.672250246457045854e-16
6.872344328575086365e+03 1.635059738687309160e-16
6.874314956563338455e+03 2.026344438315586672e-16
6.876285548707133785e+03 2.396942986953286072e-16
6.878256104990528911e+03 1.896429713745745412e-16
6.880226625397583121e+03 1.753274732574729608e-16
6.882197109912353881e+03 2.361000656724176586e-16
6.884167558518897749e+03 2.270688172958425273e-16
6.886137971201273103e+03 1.979456071287929409e-16
6.888108347943536501e+03 2.507934983452754943e-16
6.890078688729748137e+03 2.394992069889184582e-16
6.892048993543963661e+03 2.319732427121676988e-16
6.894019262370240540e+03 2.022628237102936147e-16
6.895989495192637150e+03 1.543224739204426029e-16
6.897959691995210960e+03 9.887607111894018625e-17
6.899929852762021255e+03 1.859063523914177224e-16
6.901899977477122775e+03 2.334882029262222885e-16
6.903870066124574805e+03 2.556804513741356085e-16
6.905840118688434814e+03 2.777082816187956722e-16
6.907810135152762086e+03 1.563401510635854280e-16
6.909780115501611363e+03 1.923329172055321314e-16
6.911750059719041019e+03 2.489340015189656297e-16
6.913719967789110342e+03 1.830490272598322233e-16
6.915689839695875889e+03 2.137913293319341123e-16
6.917659675423396038e+03 2.949772000009671673e-16
6.919629474955726437e+03 1.440599451779519608e-16
6.921599238276927281e+03 1.323491066137914246e-16
6.923568965371055128e+03 1.325627482343016844e-16
6.925538656222168356e+03 1.793362047828134180e-16
6.927508310814322613e+03 2.096876908461598005e-16
6.929477929131577184e+03 2.665575747506787649e-16
6.931447511157990448e+03 2.315023775740920652e-16
6.933417056877618052e+03 3.288429373341608273e-16
6.935386566274519282e+03 2.707214400521212492e-16
6.937356039332750697e+03 2.115520394652677350e-16
6.939325476036370674e+03 2.073565177326833907e-16
6.941294876369437588e+03 2.271596663457256955e-16
6.943264240316007090e+03 1.326447661336327628e-16
6.945233567860139374e+03 2.624384758942274383e-16
6.947202858985889179e+03 1.757459646067981074e-16
6.949172113677316702e+03 2.472195014608135050e-16
6.951141331918478500e+03 2.112995616838969242e-16
6.953110513693432040e+03 3.982785682647064741e-16
6.955079658986234790e+03 3.128841329109876208e-16
6.957048767780946946e+03 2.977267045361878600e-16
6.959017840061622337e+03 2.282717714588059953e-16
6.960986875812321159e+03 3.041699405617778582e-16
6.962955875017099970e+03 1.803296612946141522e-16
6.964924837660018056e+03 2.320831464345450768e-16
6.966893763725131066e+03 1.602666451306853123e-16
6.968862653196497376e+03 1.604126373784301948e-16
6.970831506058175364e+03 2.215002253876771712e-16
6.972800322294221587e+03 2.050103660653425375e-16
6.974769101888694422e+03 2.548698705422555036e-16
6.976737844825651337e+03 1.489781660881459487e-16
6.978706551089149798e+03 2.001337953776035239e-16
6.980675220663248183e+03 3.012696856608149950e-16
6.982643853532003959e+03 2.814091657752753634e-16
6.984612449679474594e+03 1.768438273649486709e-16
6.986581009089716645e+03 2.240223620748384436e-16
6.988549531746789398e+03 2.608462728718766916e-16
