# Wavelength Flux
3.852931181825759268e+03 5.874577418824953589e-16
3.854937818147729104e+03 4.298182734709564944e-16
3.856944442793815142e+03 5.226991076788017893e-16
3.858951055748076215e+03 5.171362032153006624e-16
3.860957656994568424e+03 5.177184788522941940e-16
3.862964246517351057e+03 5.731729384561035259e-16
3.864970824300480672e+03 4.779583364711942154e-16
3.866977390328015190e+03 6.051405972532368136e-16
3.868983944584012534e+03 4.760538511518763644e-16
3.870990487052529716e+03 4.280545260505874483e-16
3.872997017717625567e+03 4.991408775484970001e-16
3.875003536563356647e+03 3.319641442147688583e-16
3.877010043573780877e+03 5.629255976942210675e-16
3.879016538732956633e+03 4.875396489500565990e-16
3.881023022024940474e+03 5.107812636541254529e-16
3.883029493433791231e+03 4.939536685520570494e-16
3.885035952943565462e+03 5.116337864113725439e-16
3.887042400538321999e+03 4.862033862224653758e-16
3.889048836202116945e+03 4.433548605735534583e-16
3.891055259919009586e+03 5.637533936453573251e-16
3.893061671673056935e+03 5.250765161693838199e-16
3.895068071448316459e+03 5.434879225833831512e-16
3.897074459228845626e+03 5.795316469273035204e-16
3.899080834998703267e+03 5.848791619291619110e-16
3.901087198741945940e+03 7.251069963157687254e-16
3.903093550442631113e+03 5.063805020242094557e-16
3.905099890084817616e+03 7.182181260694718497e-16
3.907106217652562009e+03 6.581779405799691118e-16
3.909112533129922667e+03 6.314468372050192823e-16
3.911118836500957059e+03 5.861539345875466894e-16
3.913125127749723106e+03 5.501201434397802785e-16
3.915131406860277821e+03 4.991234935612979387e-16
3.917137673816679126e+03 4.907340254494234784e-16
3.919143928602984943e+03 6.890160082324717780e-16
3.921150171203253194e+03 5.637883092827236319e-16
3.923156401601540438e+03 7.142560528457778654e-16
3.925162619781905505e+03 6.800304421739869087e-16
3.927168825728405864e+03 6.767731192036338531e-16
3.929175019425098071e+03 6.711749660099160125e-16
3.931181200856041414e+03 5.381718040616760811e-16
3.933187370005292905e+03 7.073461700985727510e-16
3.935193526856909557e+03 7.523754771653170204e-16
3.937199671394949746e+03 6.533739081252384245e-16
3.939205803603471395e+03 5.234265593811545308e-16
3.941211923466531516e+03 4.567680768863536571e-16
3.943218030968188032e+03 4.817169646515716953e-16
3.945224126092498409e+03 5.485302307200119053e-16
3.947230208823521025e+03 5.449902639952075108e-16
3.949236279145312892e+03 5.082520993531583565e-16
3.951242337041931478e+03 5.737631220135537632e-16
3.953248382497435159e+03 4.631767515418890444e-16
3.955254415495881403e+03 5.756174337980501509e-16
3.957260436021327223e+03 4.136531390936455630e-16
3.959266444057830995e+03 4.872850321951180623e-16
3.961272439589450642e+03 6.049386448885350113e-16
3.963278422600242720e+03 4.407199636132183202e-16
3.965284393074266063e+03 4.884851009187623055e-16
3.967290350995577683e+03 5.148629869692987592e-16
3.969296296348235046e+03 4.843229513203191697e-16
3.971302229116296985e+03 6.141512464772009169e-16
3.973308149283819603e+03 6.709977345259035405e-16
3.975314056834861276e+03 5.230408813658713944e-16
3.977319951753480382e+03 4.952335761752737799e-16
3.979325834023733478e+03 5.015746413451365619e-16
3.981331703629678941e+03 6.254539749162659755e-16
3.983337560555373784e+03 4.238748634026407147e-16
3.985343404784876384e+03 3.956894577861140084e-16
3.987349236302244208e+03 5.946957547917692729e-16
3.989355055091534723e+03 4.577849009535987488e-16
3.991360861136805852e+03 4.609435531829121556e-16
3.993366654422115062e+03 4.870203216320856816e-16
3.995372434931519820e+03 4.680244221244670584e-16
3.997378202649078048e+03 5.781776398057573895e-16
3.999383957558847669e+03 5.080494792544845728e-16
4.001389699644885695e+03 5.499132801008358464e-16
4.003395428891250504e+03 4.625378535186159637e-16
4.005401145281999561e+03 5.526781426246778673e-16
4.007406848801190336e+03 3.843573753900948998e-16
4.009412539432880749e+03 3.459601040048486014e-16
4.011418217161127814e+03 5.489505716852976598e-16
4.013423881969989907e+03 4.143354588089080135e-16
4.015429533843524950e+03 4.537298274952061026e-16
4.017435172765789503e+03 4.241183796429297758e-16
4.019440798720842395e+03 3.949505181965740833e-16
4.021446411692740639e+03 4.696686374278598006e-16
4.023452011665542159e+03 3.851129003317641121e-16
4.025457598623303966e+03 5.223834349008085243e-16
4.027463172550084892e+03 4.916915066510001192e-16
4.029468733429941494e+03 5.183005714481020604e-16
4.031474281246932605e+03 5.728787771789957103e-16
4.033479815985114783e+03 4.286659359607221067e-16
4.035485337628546404e+03 3.648526096513274003e-16
4.037490846161284480e+03 4.795764411830944827e-16
4.039496341567386935e+03 3.317965470719925882e-16
4.041501823830912144e+03 4.511917340298541495e-16
4.043507292935916666e+03 2.415523399156586141e-16
4.045512748866459333e+03 3.031172277394328327e-16
4.047518191606596702e+03 4.233371897290761796e-16
4.049523621140387149e+03 3.782245141401974610e-16
4.051529037451888144e+03 3.101007332501911570e-16
4.053534440525157152e+03 4.298934128352212618e-16
4.055539830344252550e+03 4.608656349802549393e-16
4.057545206893230898e+03 3.390111655954115015e-16
4.059550570156150570e+03 3.792319696974873159e-16
4.061555920117069491e+03 3.751175992699121488e-16
4.063561256760044671e+03 4.101987774023613672e-16
4.065566580069134034e+03 5.291142950661626012e-16
4.067571890028395501e+03 4.393778126493046978e-16
4.069577186621886540e+03 4.724146462568233218e-16
4.071582469833664618e+03 4.589783717238171866e-16
4.073587739647787203e+03 3.627426570086403525e-16
4.075592996048313125e+03 3.099721982221377036e-16
4.077598239019298944e+03 5.262406932991959902e-16
4.079603468544802581e+03 6.670468151204170965e-16
4.081608684608881958e+03 5.079601494475433011e-16
4.083613887195594543e+03 5.389965089049831826e-16
4.085619076288997803e+03 6.088795953735602692e-16
4.087624251873149660e+03 4.393994286187260069e-16
4.089629413932108037e+03 5.053120199001774938e-16
4.091634562449930399e+03 5.303705068895168011e-16
4.093639697410673762e+03 4.307644869105187612e-16
4.095644818798396955e+03 4.184040884408985195e-16
4.097649926597156991e+03 4.201486505559397932e-16
4.099655020791011339e+03 4.014494156577897945e-16
4.101660101364018374e+03 4.875681515378453752e-16
4.103665168300235564e+03 4.901721431916314757e-16
4.105670221583719467e+03 3.208362563393297575e-16
4.107675261198529370e+03 6.211274109134543562e-16
4.109680287128721830e+03 4.452579314272060052e-16
4.111685299358354314e+03 4.943978512696070386e-16
4.113690297871486109e+03 4.620986335578702684e-16
4.115695282652173773e+03 4.043324813616480281e-16
4.117700253684474774e+03 5.199554244104174957e-16
4.119705210952446578e+03 4.705896735838619297e-16
4.121710154440148472e+03 5.600072790198029519e-16
4.123715084131636104e+03 4.993760323380453431e-16
4.125720000010967851e+03 4.997973657436782433e-16
4.127724902062202091e+03 2.219198348430476871e-16
4.129729790269396290e+03 4.933539878517225012e-16
4.131734664616607006e+03 4.891460680380144660e-16
4.133739525087892616e+03 3.339039351037666095e-16
4.135744371667311498e+03 3.043466509744322655e-16
4.137749204338921118e+03 4.778719184797092969e-16
4.139754023086778034e+03 3.095065458121816601e-16
4.141758827894940623e+03 3.357244293840302402e-16
4.143763618747465443e+03 4.307805891994333979e-16
4.145768395628412691e+03 4.344871502087782077e-16
4.147773158521838923e+03 4.916643820442302732e-16
4.149777907411800697e+03 3.347701050302372312e-16
4.151782642282356392e+03 5.591315423141082746e-16
4.153787363117563473e+03 2.423643074090415483e-16
4.155792069901480318e+03 4.096886177120067229e-16
4.157796762618164394e+03 5.064704539909344313e-16
4.159801441251673168e+03 5.333352399056881032e-16
4.161806105786063199e+03 4.026294007572736390e-16
4.163810756205394682e+03 3.663851110848773770e-16
4.165815392493723266e+03 6.026406610492115750e-16
4.167820014635106418e+03 4.152221793942566098e-16
4.169824622613603424e+03 4.485202813047808557e-16
4.171829216413270842e+03 6.001280938668371035e-16
4.173833796018167050e+03 3.753233728522179998e-16
4.175838361412348604e+03 4.347928217551617197e-16
4.177842912579874792e+03 4.117877387053214276e-16
4.179847449504801261e+03 4.906646833704055699e-16
4.181851972171187299e+03 3.480034926410638575e-16
4.183856480563090372e+03 4.882572287519170069e-16
4.185860974664567038e+03 5.087099028362147411e-16
4.187865454459676585e+03 4.262196672644023641e-16
4.189869919932474659e+03 5.989847818618054626e-16
4.191874371067021457e+03 3.534912588551533061e-16
4.193878807847372627e+03 4.787020778506411674e-16
4.195883230257586547e+03 4.297678087882505639e-16
4.197887638281720683e+03 4.169925946939274156e-16
4.199892031903833413e+03 2.614650630483861130e-16
4.201896411107981294e+03 5.652254773716149999e-16
4.203900775878222703e+03 5.268469645089619195e-16
4.205905126198615108e+03 4.793872446113474494e-16
4.207909462053215975e+03 5.757018139776089875e-16
4.209913783426083683e+03 4.724725052969573263e-16
4.211918090301275697e+03 4.277165329525601429e-16
4.213922382662849486e+03 4.804539793761133003e-16
4.215926660494861608e+03 5.412215113407902685e-16
4.217930923781372258e+03 4.583813447131855773e-16
4.219935172506436174e+03 4.868282412584598287e-16
4.221939406654113554e+03 5.041650303231666059e-16
4.223943626208460955e+03 4.583105577516162030e-16
4.225947831153534935e+03 1.863556972146362438e-16
4.227952021473395689e+03 5.403409884535151481e-16
4.229956197152098866e+03 5.934700680746815657e-16
4.231960358173702843e+03 5.828433922363121995e-16
4.233964504522265997e+03 3.959047933425882088e-16
4.235968636181843976e+03 2.451779567277370193e-16
4.237972753136496976e+03 5.367028574009293279e-16
4.239976855370280646e+03 4.413929683164190389e-16
4.241980942867253361e+03 2.498299397169903027e-16
4.243985015611473500e+03 4.564337196714306808e-16
4.245989073586997620e+03 5.000116759104046568e-16
4.247993116777883188e+03 5.824881924596987281e-16
4.249997145168189491e+03 4.719902244645866563e-16
4.252001158741973086e+03 4.855412626335498782e-16
4.254005157483292351e+03 3.763387869294562409e-16
4.256009141376202933e+03 3.495999586535335610e-16
4.258013110404765030e+03 4.148182066399494084e-16
4.260017064553034288e+03 4.547031024893442705e-16
4.262021003805070904e+03 4.950148066405135153e-16
4.264024928144929618e+03 4.871475072605371235e-16
4.266028837556670624e+03 4.803987939656006125e-16
4.268032732024349571e+03 4.413923128445249792e-16
4.270036611532024835e+03 5.473838371714265464e-16
4.272040476063754795e+03 6.701551239073997576e-16
4.274044325603596008e+03 5.283918827141553728e-16
4.276048160135607759e+03 5.443454411901594696e-16
4.278051979643845698e+03 5.987200730247539039e-16
4.280055784112368201e+03 3.333699255253857462e-16
4.282059573525233645e+03 4.513434220226493491e-16
4.284063347866499498e+03 4.646430008714132711e-16
4.286067107120223227e+03 5.931080075505553852e-16
4.288070851270462299e+03 5.692175786500745455e-16
4.290074580301274182e+03 5.310328198264732390e-16
4.292078294196717252e+03 4.962160951947324031e-16
4.294081992940848068e+03 6.845410368033348336e-16
4.296085676517725005e+03 5.213088304978008117e-16
4.298089344911406442e+03 6.089534590507371799e-16
4.300092998105949846e+03 5.391689673292518769e-16
4.302096636085411774e+03 8.086907603409882753e-16
4.304100258833850603e+03 7.939056971273230793e-16
4.306103866335324710e+03 6.113259551356611539e-16
4.308107458573889744e+03 6.165814173445165940e-16
4.310111035533605900e+03 7.857124553077080676e-16
4.312114597198527917e+03 6.906527238386793981e-16
4.314118143552715992e+03 7.653222576727166257e-16
4.316121674580227591e+03 8.842493700783976243e-16
4.318125190265119272e+03 7.119217419725902011e-16
4.320128690591448503e+03 8.611903350247533076e-16
4.322132175543274570e+03 9.712270098146523504e-16
4.324135645104653122e+03 1.046784013515552007e-15
4.326139099259644354e+03 9.229271335083270522e-16
4.328142537992303005e+03 1.039401714557276444e-15
4.330145961286689271e+03 1.014586057572204542e-15
4.332149369126858801e+03 1.087188975173822354e-15
4.334152761496870880e+03 1.347610006859575718e-15
4.336156138380782068e+03 1.340170370128096392e-15
4.338159499762650739e+03 1.366104269581287888e-15
4.340162845626534363e+03 1.413754228616684257e-15
4.342166175956490406e+03 1.226301877141962349e-15
4.344169490736576336e+03 1.158719390737436772e-15
4.346172789950850529e+03 1.329140017986132511e-15
4.348176073583370453e+03 1.269959598343279987e-15
4.350179341618193575e+03 1.119720806312763383e-15
4.352182594039377364e+03 1.113340250097125163e-15
4.354185830830980194e+03 1.083644669148226984e-15
4.356189051977058625e+03 9.463119134564205218e-16
4.358192257461671034e+03 1.063800262278932975e-15
4.360195447268874887e+03 8.019082038230131951e-16
4.362198621382728561e+03 9.484004744057383615e-16
4.364201779787288615e+03 8.016115390272856363e-16
4.366204922466613425e+03 7.858127301765977990e-16
4.368208049404760459e+03 1.003293626858729366e-15
4.370211160585788093e+03 5.973709290078782477e-16
4.372214255993752886e+03 8.144551895004237599e-16
4.374217335612712304e+03 7.630584740983164021e-16
4.376220399426725635e+03 7.989720110530116470e-16
4.378223447419848526e+03 7.021910258477824942e-16
4.380226479576140264e+03 7.125432996703509383e-16
4.382229495879658316e+03 7.302258882024577455e-16
4.384232496314459240e+03 6.821339515800251674e-16
4.386235480864602323e+03 6.334556693868326507e-16
4.388238449514143213e+03 6.453094292790283972e-16
4.390241402247142105e+03 7.346943957137234919e-16
4.392244339047654648e+03 5.822408606589384858e-16
4.394247259899738310e+03 6.607065231003981662e-16
4.396250164787452377e+03 6.922227355919295067e-16
4.398253053694854316e+03 5.580730608263172591e-16
4.400255926605999775e+03 4.774578480575336225e-16
4.402258783504948951e+03 6.381155305041903103e-16
4.404261624375757492e+03 5.738884234897736518e-16
4.406264449202484684e+03 6.264028528194994755e-16
4.408267257969187995e+03 4.802802915501816246e-16
4.410270050659923982e+03 6.813816816286334473e-16
4.412272827258751022e+03 5.536799382939417289e-16
4.414275587749726583e+03 3.563666737532227116e-16
4.416278332116908132e+03 7.258691516643266630e-16
4.418281060344354046e+03 3.769334200056956930e-16
4.420283772416121792e+03 4.693109314948096281e-16
4.422286468316268838e+03 4.955223601512336904e-16
4.424289148028852651e+03 4.813802870689611674e-16
4.426291811537931608e+03 6.784329960649451776e-16
4.428294458827562266e+03 5.239361632981791181e-16
4.430297089881803004e+03 4.602030132547647725e-16
4.432299704684712196e+03 4.696073956181393044e-16
4.434302303220345493e+03 2.837706130162975924e-16
4.436304885472762180e+03 4.952771384335628012e-16
4.438307451426020634e+03 5.540295639394156909e-16
4.440310001064175594e+03 4.535851705217590344e-16
4.442312534371288166e+03 5.496709667759743294e-16
4.444315051331413997e+03 4.478599588673491257e-16
4.446317551928610555e+03 5.623405303730135554e-16
4.448320036146936218e+03 5.691939122213735110e-16
4.450322503970449361e+03 4.351072384341034985e-16
4.452324955383206543e+03 3.484889890068138189e-16
4.454327390369265231e+03 4.990382998994352525e-16
4.456329808912683802e+03 2.832471980885148175e-16
4.458332210997519724e+03 4.319274003613917494e-16
4.460334596607831372e+03 4.319900917642692986e-16
4.462336965727674396e+03 3.937480185235204503e-16
4.464339318341108992e+03 4.852294278549038892e-16
4.466341654432191717e+03 4.423707638116291550e-16
4.468343973984979129e+03 5.841879638657702727e-16
4.470346276983530515e+03 3.564106824742867658e-16
4.472348563411903342e+03 3.960037603902389773e-16
4.474350833254154168e+03 4.252856140059974975e-16
4.476353086494341369e+03 4.528897784309667916e-16
4.478355323116523323e+03 6.730012157103594518e-16
4.480357543104756587e+03 3.755917475234926093e-16
4.482359746443098629e+03 2.669146687431227401e-16
4.484361933115608736e+03 4.832562226524857059e-16
4.486364103106343464e+03 3.727962430041882689e-16
4.488366256399360282e+03 3.098187698220837608e-16
4.490368392978716656e+03 3.392944203087965742e-16
4.492370512828471874e+03 4.684377506386747914e-16
4.494372615932681583e+03 3.455777901445676260e-16
4.496374702275405070e+03 3.888832646877693213e-16
4.498376771840698893e+03 6.395656140830249855e-16
4.500378824612620519e+03 3.781346561198722099e-16
4.502380860575229235e+03 5.032162736237374881e-16
4.504382879712581598e+03 4.480446345209415680e-16
4.506384882008735076e+03 3.285256578334387632e-16
4.508386867447747136e+03 2.646313352087830126e-16
4.510388836013677064e+03 5.378945685866980180e-16
4.512390787690580510e+03 3.400740217571437248e-16
4.514392722462516758e+03 3.211033210078393989e-16
4.516394640313542368e+03 4.920640604978402676e-16
4.518396541227715716e+03 3.960732699571811701e-16
4.520398425189094269e+03 3.634921873438090576e-16
4.522400292181734585e+03 5.324763066529026226e-16
4.524402142189695951e+03 4.424160478370716073e-16
4.526403975197035834e+03 4.286652734808278253e-16
4.528405791187811701e+03 2.667840489988203659e-16
4.530407590146080111e+03 4.026884625869927926e-16
4.532409372055899439e+03 4.275926268416087826e-16
4.534411136901328064e+03 4.128514149051098297e-16
4.536412884666423452e+03 4.710486886726970269e-16
4.538414615335243070e+03 5.385331407497448655e-16
4.540416328891844387e+03 3.822078838874713276e-16
4.542418025320284869e+03 5.309455888759992154e-16
4.544419704604622893e+03 4.788081796855115445e-16
4.546421366728915018e+03 3.907886775910758919e-16
4.548423011677219620e+03 4.560209507321151714e-16
4.550424639433595075e+03 3.086084175535952478e-16
4.552426249982097943e+03 4.234809580539757520e-16
4.554427843306786599e+03 4.404044463043971417e-16
4.556429419391717602e+03 3.095427812016224532e-16
4.558430978220950237e+03 3.992325635958721717e-16
4.560432519778541064e+03 4.266868311399218719e-16
4.562434044048548458e+03 5.173726574826970050e-16
4.564435551015028977e+03 4.501397641674528620e-16
4.566437040662040999e+03 6.074947156824215558e-16
4.568438512973642901e+03 3.170086150486720284e-16
4.570439967933891239e+03 4.558465413748965343e-16
4.572441405526844392e+03 6.208175404226692547e-16
4.574442825736558916e+03 4.584600557794125691e-16
4.576444228547094099e+03 3.430483455687994045e-16
4.578445613942505588e+03 4.463461150207848624e-16
4.580446981906853580e+03 5.177311820096699139e-16
4.582448332424193723e+03 5.281100915815413765e-16
4.584449665478585302e+03 4.118668112477051123e-16
4.586450981054083968e+03 4.241932378275702064e-16
4.588452279134749006e+03 5.520194411027356894e-16
4.590453559704636973e+03 6.151222071200383622e-16
4.592454822747806247e+03 4.578676510999578788e-16
4.594456068248315205e+03 3.872958086231104094e-16
4.596457296190220404e+03 3.556418328116338424e-16
4.598458506557579312e+03 3.634274124212543201e-16
4.600459699334451216e+03 5.386514854360626018e-16
4.602460874504891763e+03 5.070358335991690180e-16
4.604462032052959330e+03 5.843153691746600388e-16
4.606463171962712295e+03 3.325436661699302301e-16
4.608464294218207215e+03 4.105635093862807295e-16
4.610465398803502467e+03 5.309538112359746285e-16
4.612466485702656428e+03 5.523811632778160660e-16
4.614467554899725656e+03 4.291398169322106493e-16
4.616468606378767618e+03 6.132747648817095519e-16
4.618469640123840691e+03 5.275983186101734591e-16
4.620470656119002342e+03 4.159530325756799435e-16
4.622471654348310039e+03 6.119347268230019404e-16
4.624472634795822160e+03 4.119989398345170811e-16
4.626473597445594351e+03 4.621093490070758140e-16
4.628474542281687718e+03 5.550569017000888853e-16
4.630475469288157001e+03 5.028691303649635233e-16
4.632476378449060576e+03 4.128345536492889026e-16
4.634477269748456820e+03 4.668255189161769546e-16
4.636478143170403200e+03 3.925830843545157949e-16
4.638478998698957184e+03 5.722879783157910841e-16
4.640479836318176240e+03 4.227614456288382290e-16
4.642480656012117834e+03 5.397753312989258627e-16
4.644481457764841252e+03 5.134766178624207757e-16
4.646482241560401235e+03 3.484574080302135003e-16
4.648483007382857977e+03 3.687373465707335748e-16
4.650483755216268037e+03 3.582481727541146661e-16
4.652484485044689791e+03 5.064906980438689542e-16
4.654485196852180707e+03 4.374534393212278000e-16
4.656485890622798252e+03 3.751778297427613441e-16
4.658486566340598984e+03 3.267882627584363529e-16
4.660487223989642189e+03 2.996081554884478203e-16
4.662487863553985335e+03 4.550935573336768781e-16
4.664488485017685889e+03 3.151263962781202416e-16
4.666489088364800409e+03 4.643241096399969845e-16
4.668489673579388182e+03 5.204866795212938697e-16
4.670490240645506674e+03 4.489557414006047683e-16
4.672490789547213353e+03 5.028780937112469585e-16
4.674491320268564778e+03 4.917702852937084455e-16
4.676491832793619324e+03 4.216622238088376604e-16
4.678492327106435368e+03 4.807437398380021032e-16
4.680492803191069470e+03 3.809017522217120759e-16
4.682493261031580914e+03 4.583643629161843972e-16
4.684493700612025350e+03 3.532300104520378791e-16
4.686494121916462063e+03 3.379524158631811261e-16
4.688494524928947612e+03 3.823554758674896703e-16
4.690494909633540374e+03 4.491878899926492889e-16
4.692495276014298724e+03 4.149776961862310098e-16
4.694495624055278313e+03 5.063363586429173827e-16
4.696495953740537516e+03 3.693335361896324512e-16
4.698496265054134710e+03 4.401983710323384667e-16
4.700496557980127363e+03 4.920874255666844881e-16
4.702496832502572943e+03 3.348035198615332612e-16
4.704497088605529825e+03 3.139901837036157347e-16
4.706497326273054568e+03 4.026529405150662260e-16
4.708497545489204640e+03 2.827786938261899320e-16
4.710497746238039326e+03 5.048717371141501259e-16
4.712497928503615185e+03 3.650388414438524828e-16
4.714498092269989684e+03 2.625635246491158793e-16
4.716498237521221199e+03 3.558539315395398939e-16
4.718498364241366289e+03 5.309027464209251618e-16
4.720498472414484240e+03 2.599391860089296176e-16
4.722498562024632520e+03 4.222946100893100129e-16
4.724498633055866776e+03 5.213104317497866779e-16
4.726498685492246295e+03 4.659106518189287457e-16
4.728498719317829455e+03 3.376796615865720495e-16
4.730498734516671902e+03 4.656084482440104848e-16
4.732498731072832925e+03 4.362399476059912766e-16
4.734498708970369989e+03 3.435717831579773974e-16
4.736498668193339654e+03 3.573743406343643060e-16
4.738498608725800295e+03 4.893896445721086468e-16
4.740498530551810290e+03 3.226525960735341849e-16
4.742498433655426197e+03 3.654352439516468954e-16
4.744498318020706392e+03 4.794573205335989213e-16
4.746498183631708343e+03 4.814404190413532651e-16
4.748498030472489518e+03 3.212733894515121352e-16
4.750497858527107383e+03 2.919751123236997993e-16
4.752497667779621224e+03 5.433034749026264990e-16
4.754497458214085782e+03 4.085780349798542020e-16
4.756497229814562161e+03 4.679667746099594384e-16
4.758496982565105100e+03 3.856074764949205336e-16
4.760496716449773885e+03 3.702059414983709782e-16
4.762496431452625075e+03 5.000886140632587954e-16
4.764496127557717045e+03 3.454082864434225200e-16
4.766495804749108174e+03 4.124716527261981468e-16
4.768495463010855019e+03 2.828207535354091172e-16
4.770495102327015047e+03 2.074032323076615981e-16
4.772494722681647545e+03 4.754107971068150824e-16
4.774494324058809070e+03 3.426120156586757244e-16
4.776493906442556181e+03 3.300833227618380951e-16
4.778493469816949073e+03 3.240362475474281625e-16
4.780493014166043395e+03 3.297659801841157632e-16
4.782492539473897523e+03 4.579120324006419915e-16
4.784492045724568925e+03 3.329438062704511179e-16
4.786491532902115068e+03 4.225471907689893966e-16
4.788491000990595239e+03 3.218802619102162974e-16
4.790490449974065086e+03 3.519735230758108591e-16
4.792489879836582986e+03 1.434567509284184965e-16
4.794489290562206406e+03 3.733158226742398818e-16
4.796488682134993724e+03 4.440955187232529575e-16
4.798488054539002405e+03 5.245696716767432034e-16
4.800487407758289010e+03 4.383886980245676508e-16
4.802486741776912822e+03 3.251118459180687628e-16
4.804486056578930402e+03 2.435730777892207342e-16
4.806485352148400125e+03 4.135993721260999189e-16
4.808484628469378549e+03 2.377594828592362975e-16
4.810483885525924052e+03 2.664994994782200168e-16
4.812483123302095009e+03 2.401789384703518991e-16
4.814482341781947980e+03 5.218268556944687827e-16
4.816481540949541341e+03 2.977523415989759708e-16
4.818480720788932558e+03 3.495835088863535346e-16
4.820479881284179100e+03 3.519980003397626046e-16
4.822479022419339344e+03 4.014438426836721310e-16
4.824478144178469847e+03 3.792143319984703020e-16
4.826477246545628986e+03 2.852745512468425526e-16
4.828476329504874229e+03 3.869310275812919393e-16
4.830475393040263043e+03 4.017720926780937671e-16
4.832474437135853805e+03 4.350340485718573118e-16
4.834473461775703072e+03 3.292231001058714317e-16
4.836472466943870131e+03 3.907158734243074058e-16
4.838471452624410631e+03 2.826234422422773345e-16
4.840470418801383857e+03 3.382522390474663968e-16
4.842469365458846369e+03 2.951906314890259933e-16
4.844468292580857451e+03 2.132987578640621297e-16
4.846467200151472753e+03 4.185598598244027839e-16
4.848466088154751560e+03 3.720494172445612748e-16
4.850464956574750431e+03 2.087898811728978033e-16
4.852463805395527743e+03 3.871260092731392922e-16
4.854462634601140962e+03 3.244006949167297941e-16
4.856461444175647557e+03 2.623791990000530134e-16
4.858460234103104995e+03 2.587460404954959955e-16
4.860459004367571652e+03 3.314820333694721786e-16
4.862457754953104086e+03 3.105626883694628382e-16
4.864456485843762493e+03 3.516528381182220939e-16
4.866455197023601613e+03 2.424087370875463527e-16
4.868453888476679822e+03 3.071550538022991595e-16
4.870452560187055496e+03 3.086769109962830380e-16
4.872451212138786104e+03 2.976686593408670812e-16
4.874449844315930022e+03 2.372363540433587843e-16
4.876448456702542899e+03 3.485770652465386282e-16
4.878447049282684929e+03 3.191713876275069055e-16
4.880445622040411763e+03 3.421235240554857765e-16
4.882444174959781776e+03 2.035804798229793507e-16
4.884442708024852436e+03 3.806037916201061925e-16
4.886441221219682120e+03 3.856583606741931575e-16
4.888439714528328295e+03 4.675287646135311772e-16
4.890438187934847520e+03 3.374454259906441056e-16
4.892436641423299079e+03 4.969717506100762780e-16
4.894435074977738623e+03 3.061584069731593627e-16
4.896433488582226346e+03 2.736647839802753220e-16
4.898431882220818807e+03 3.652483838581432297e-16
4.900430255877572563e+03 4.509250757976984272e-16
4.902428609536546901e+03 4.008285185821838621e-16
4.904426943181798379e+03 3.828718433283300429e-16
4.906425256797385373e+03 2.847125429835283293e-16
4.908423550367365351e+03 4.161062194104256836e-16
4.910421823875795781e+03 2.797530332447107824e-16
4.912420077306734129e+03 2.479652399081128244e-16
4.914418310644238773e+03 3.365210354131599871e-16
4.916416523872367179e+03 3.441437988598805473e-16
4.918414716975175907e+03 2.381458994589239862e-16
4.920412889936724241e+03 5.183723529351257658e-16
4.922411042741068741e+03 3.210478663441456681e-16
4.924409175372268692e+03 2.369237690638281696e-16
4.926407287814379742e+03 4.692870400720786348e-16
4.928405380051460270e+03 3.236773794369200042e-16
4.930403452067568651e+03 3.182780328053406199e-16
4.932401503846760534e+03 2.830349439925114552e-16
4.934399535373097024e+03 4.663496730036607037e-16
4.936397546630632860e+03 2.463073009915757206e-16
4.938395537603426419e+03 3.998926740479565973e-16
4.940393508275535169e+03 4.520418803044579099e-16
4.942391458631018395e+03 2.853312102777811202e-16
4.944389388653931746e+03 3.505494001587798584e-16
4.946387298328333600e+03 3.558589133195273076e-16
4.948385187638282332e+03 2.346004093643315745e-16
4.950383056567834501e+03 4.709101497489653958e-16
4.952380905101048484e+03 3.034388998968718265e-16
4.954378733221981747e+03 2.374205005082654765e-16
4.956376540914692669e+03 2.674479520159341533e-16
4.958374328163237806e+03 4.093937179517068361e-16
4.960372094951675535e+03 2.931639168228518566e-16
4.962369841264062416e+03 3.671489507488102910e-16
4.964367567084457733e+03 3.632006119175578166e-16
4.966365272396917135e+03 3.646000715695291304e-16
4.968362957185500818e+03 2.324978937441856671e-16
4.970360621434265340e+03 2.444069082676502363e-16
4.972358265127267259e+03 3.105601139500984546e-16
4.974355888248564952e+03 3.318463373316073621e-16
4.976353490782217705e+03 3.138337480888830183e-16
4.978351072712280256e+03 4.094507429630123845e-16
4.980348634022812803e+03 2.752959674036643485e-16
4.982346174697871902e+03 3.596257622713447834e-16
4.984343694721515021e+03 3.281504640347693035e-16
4.986341194077800537e+03 3.976343360814352874e-16
4.988338672750784099e+03 3.631129624355866541e-16
4.990336130724526811e+03 3.388161695453066885e-16
4.992333567983084322e+03 5.025177583137941739e-16
4.994330984510514099e+03 2.718009698231613682e-16
4.996328380290874520e+03 2.400305603971976536e-16
4.998325755308223052e+03 4.843595041372126083e-16
5.000323109546617161e+03 4.265659159649020135e-16
5.002320442990114316e+03 3.059130864244837177e-16
5.004317755622772893e+03 2.773814392806271106e-16
5.006315047428649450e+03 3.706003913198746618e-16
5.008312318391803274e+03 2.918557267611373983e-16
5.010309568496290922e+03 3.831892240613356533e-16
5.012306797726169862e+03 3.731017550560775262e-16
5.014304006065498470e+03 3.165902713133048388e-16
5.016301193498334214e+03 2.839949562420463108e-16
5.018298360008734562e+03 2.475105348176525387e-16
5.020295505580756981e+03 4.412663475566224010e-16
5.022292630198459847e+03 3.448126829056313765e-16
5.024289733845900628e+03 3.873067690402561107e-16
5.026286816507135882e+03 3.740995399789002276e-16
5.028283878166224895e+03 3.389711189082461480e-16
5.030280918807224225e+03 3.502226717116326370e-16
5.032277938414192249e+03 3.453465916016101985e-16
5.034274936971187344e+03 3.898941202577994566e-16
5.036271914462264249e+03 3.757471240375267513e-16
5.038268870871484069e+03 1.937879002066813085e-16
5.040265806182902452e+03 3.332249495682548146e-16
5.042262720380576866e+03 1.536686488117110720e-16
5.044259613448566597e+03 1.824606837407001049e-16
5.046256485370928203e+03 2.605931850250144132e-16
5.048253336131720062e+03 3.986677678744395687e-16
5.050250165714998730e+03 3.809518359473341593e-16
5.052246974104822584e+03 2.841043364318345389e-16
5.054243761285249093e+03 3.523177088560959169e-16
5.056240527240335723e+03 1.748136350081822980e-16
5.058237271954140851e+03 3.784867885020950858e-16
5.060233995410721946e+03 3.889723502315615484e-16
5.062230697594135563e+03 3.553410974821915846e-16
5.064227378488441900e+03 3.419227547255126328e-16
5.066224038077695695e+03 3.158289949791372224e-16
5.068220676345956235e+03 3.363671608136678192e-16
5.070217293277280987e+03 2.987214241885864395e-16
5.072213888855727419e+03 3.100015715084082233e-16
5.074210463065352997e+03 3.902160823832988992e-16
5.076207015890216098e+03 3.267955751403607520e-16
5.078203547314374191e+03 4.065216021694438657e-16
5.080200057321884742e+03 3.019683761066897107e-16
5.082196545896804309e+03 3.043237320755886928e-16
5.084193013023193089e+03 2.311836519025450258e-16
5.086189458685106729e+03 2.315460477888300878e-16
5.088185882866603606e+03 2.420286082381923344e-16
5.090182285551740279e+03 2.973893813392936800e-16
5.092178666724576942e+03 2.676640431472591960e-16
5.094175026369169245e+03 3.087385508879828837e-16
5.096171364469575565e+03 4.375794957390927505e-16
5.098167681009852458e+03 2.408539384201464306e-16
5.100163975974059213e+03 2.294433529830083154e-16
5.102160249346252385e+03 3.687626381538703558e-16
5.104156501110490353e+03 2.827155280401205421e-16
5.106152731250830584e+03 2.215947396957612493e-16
5.108148939751330545e+03 2.849629712953238133e-16
5.110145126596047703e+03 2.460857924150579126e-16
5.112141291769040436e+03 3.641893103081677567e-16
5.114137435254366210e+03 4.662815864620289160e-16
5.116133557036081584e+03 3.430728194565633923e-16
5.118129657098244934e+03 3.228367222375513356e-16
5.120125735424915547e+03 3.147453327669267057e-16
5.122121792000149071e+03 4.358282924165619708e-16
5.124117826808003883e+03 3.539599784486611401e-16
5.126113839832536542e+03 3.982870840068398892e-16
5.128109831057807241e+03 2.578641869185743086e-16
5.130105800467870722e+03 2.255768883486715774e-16
5.132101748046787179e+03 1.983786313494769191e-16
5.134097673778612261e+03 2.388173331299110441e-16
5.136093577647405255e+03 2.085357769812809160e-16
5.138089459637221807e+03 1.719952086684612998e-16
5.140085319732123025e+03 2.546786555298802114e-16
5.142081157916162738e+03 3.403133641757640943e-16
5.144076974173401140e+03 2.358401795096110963e-16
5.146072768487894791e+03 3.326209962773104013e-16
5.148068540843701157e+03 3.248827433218681421e-16
5.150064291224878616e+03 2.344465411334887202e-16
5.152060019615484634e+03 2.141778013804779023e-16
5.154055725999577589e+03 5.295959309687567991e-17
5.156051410361214039e+03 3.444557874317303990e-16
5.158047072684452360e+03 2.668748437311493811e-16
5.160042712953349110e+03 3.156427706920857978e-16
5.162038331151963575e+03 1.463710004410011445e-16
5.164033927264352315e+03 3.448987762215658705e-16
5.166029501274571885e+03 2.723319493890926784e-16
5.168025053166683392e+03 4.430627403218371497e-16
5.170020582924741575e+03 4.443670985152435640e-16
5.172016090532804810e+03 2.755831760430253350e-16
5.174011575974931475e+03 3.006346929587952993e-16
5.176007039235178127e+03 3.070623294033035194e-16
5.178002480297603142e+03 2.929141797027409876e-16
5.179997899146264899e+03 2.927334515959206303e-16
5.181993295765219045e+03 4.398649857809594793e-16
5.183988670138525777e+03 3.422825281464476497e-16
5.185984022250239832e+03 4.044511409843533448e-16
5.187979352084421407e+03 1.774627679451018709e-16
5.189974659625127060e+03 2.885490101128833881e-16
5.191969944856415168e+03 2.605412962546074927e-16
5.193965207762341379e+03 3.057531861522355871e-16
5.195960448326966798e+03 4.519785231736349213e-16
5.197955666534345255e+03 2.932504084941665983e-16
5.199950862368537855e+03 1.365624441271938647e-16
5.201946035813600247e+03 2.544905144577366446e-16
5.203941186853589898e+03 2.333667151616430559e-16
5.205936315472565184e+03 3.719862204585955073e-16
5.207931421654584483e+03 2.902702248606368153e-16
5.209926505383705262e+03 2.935347834685085796e-16
5.211921566643984079e+03 1.723771065194942675e-16
5.213916605419479311e+03 2.400358814971643246e-16
5.215911621694247515e+03 4.502741571842236722e-16
5.217906615452347978e+03 3.214493328076168513e-16
5.219901586677837258e+03 2.607463130345936018e-16
5.221896535354774642e+03 2.814036626973136154e-16
5.223891461467215777e+03 3.885263393155823980e-16
5.225886364999219950e+03 3.538966032823787979e-16
5.227881245934842809e+03 2.763083930883742636e-16
5.229876104258144551e+03 2.401787900095504538e-16
5.231870939953181733e+03 1.146635959522695389e-16
5.233865753004010912e+03 3.861650674817572683e-16
5.235860543394690467e+03 1.947066577963457535e-16
5.237855311109279683e+03 4.131253938094735656e-16
5.239850056131834208e+03 3.387430907741938056e-16
5.241844778446412420e+03 3.522492891892503092e-16
5.243839478037071785e+03 2.808660525006311747e-16
5.245834154887870682e+03 4.083121508018755126e-16
5.247828808982865667e+03 2.925735708103505485e-16
5.249823440306114207e+03 1.863848419404242278e-16
5.251818048841676500e+03 3.128244972137006362e-16
5.253812634573607284e+03 1.852914650156492815e-16
5.255807197485965844e+03 3.275693548172317591e-16
5.257801737562809649e+03 3.202165411200062604e-16
5.259796254788196165e+03 4.552555729504399068e-16
5.261790749146181952e+03 3.147925390799872415e-16
5.263785220620826294e+03 1.023849733251173875e-16
5.265779669196186660e+03 4.020477084397177480e-16
5.267774094856320517e+03 4.457129441328029005e-16
5.269768497585284422e+03 2.932879644267670748e-16
5.271762877367138572e+03 3.086610231155958743e-16
5.273757234185937705e+03 1.731204426940965239e-16
5.275751568025741108e+03 4.337148107140496489e-16
5.277745878870606248e+03 2.243038266009460903e-16
5.279740166704590592e+03 2.387071599470164592e-16
5.281734431511752518e+03 2.404202080701507299e-16
5.283728673276149493e+03 3.869588256693708572e-16
5.285722891981837165e+03 4.523092446746077798e-16
5.287717087612876639e+03 4.207822417643003784e-16
5.289711260153322655e+03 3.757121039144885045e-16
5.291705409587235408e+03 1.957433193681904003e-16
5.293699535898669637e+03 1.039212473794665331e-16
5.295693639071685539e+03 2.969085310754760568e-16
5.297687719090339669e+03 2.603226470124166849e-16
5.299681775938690407e+03 3.520211593597839452e-16
5.301675809600794310e+03 4.209935442051636866e-16
5.303669820060708844e+03 5.333803289354000044e-16
5.305663807302493296e+03 4.252675367395545110e-16
5.307657771310205135e+03 4.746348184318895755e-16
5.309651712067900007e+03 3.544065685196295422e-16
5.311645629559638110e+03 3.663496107246574865e-16
5.313639523769474181e+03 4.197178044740288110e-16
5.315633394681469326e+03 3.975981308612672759e-16
5.317627242279679194e+03 4.003203560517859276e-16
5.319621066548161252e+03 4.433101824578683845e-16
5.321614867470974787e+03 4.706619407536106416e-16
5.323608645032174536e+03 4.965936636544165643e-16
5.325602399215822516e+03 3.862916698273779134e-16
5.327596130005971645e+03 4.251507898191814662e-16
5.329589837386683939e+03 4.111068364500450343e-16
5.331583521342014137e+03 3.484647909582303490e-16
5.333577181856019706e+03 3.835896492042897617e-16
5.335570818912759933e+03 5.257930098269074113e-16
5.337564432496292284e+03 4.284825532678666510e-16
5.339558022590674227e+03 2.807007903979007122e-16
5.341551589179963230e+03 5.160260657866341915e-16
5.343545132248216760e+03 4.429813681052587578e-16
5.345538651779492284e+03 5.906180023055738757e-16
5.347532147757849089e+03 6.336360309028863142e-16
5.349525620167343732e+03 4.706862148973451887e-16
5.351519068992032771e+03 3.976500305478857968e-16
5.353512494215974584e+03 4.274334078131328669e-16
5.355505895823228457e+03 5.083389408182654848e-16
5.357499273797850037e+03 2.987838041376981175e-16
5.359492628123898612e+03 4.444968927442564735e-16
5.361485958785429830e+03 2.777213784050823555e-16
5.363479265766502976e+03 3.300369619009329043e-16
5.365472549051175520e+03 2.992353425777396365e-16
5.367465808623504927e+03 4.396956490246104882e-16
5.369459044467548665e+03 4.435652152884090272e-16
5.371452256567363293e+03 3.884635316483495240e-16
5.373445444907009005e+03 3.279893601261372295e-16
5.375438609470542360e+03 3.773412987771084132e-16
5.377431750242019916e+03 3.772120174176661452e-16
5.379424867205501869e+03 3.942419961199876450e-16
5.381417960345042957e+03 2.768151969356099648e-16
5.383411029644703376e+03 4.203531738963026734e-16
5.385404075088537866e+03 3.816143635843832932e-16
5.387397096660607531e+03 1.418021499655232672e-16
5.389390094344968020e+03 2.722741737930228691e-16
5.391383068125676800e+03 2.495976198852532666e-16
5.393376017986791339e+03 3.813416759948236565e-16
5.395368943912371833e+03 4.051114182178415633e-16
5.397361845886473020e+03 3.068891042034608716e-16
5.399354723893154187e+03 3.737596531765252354e-16
5.401347577916471892e+03 2.536409732944045149e-16
5.403340407940484511e+03 3.297239299418466964e-16
5.405333213949250421e+03 2.523688399537604334e-16
5.407325995926827090e+03 3.043349871911111552e-16
5.409318753857270167e+03 3.509313217647559722e-16
5.411311487724638937e+03 3.487951778985743866e-16
5.413304197512991777e+03 3.832799023045787477e-16
5.415296883206385246e+03 4.208369164611576170e-16
5.417289544788876810e+03 2.221912022483244278e-16
5.419282182244523938e+03 1.912831739537584277e-16
5.421274795557386824e+03 3.099727951772083585e-16
5.423267384711520208e+03 3.921756413588027928e-16
5.425259949690982467e+03 3.269862304882586561e-16
5.427252490479831977e+03 1.352710766531441417e-16
5.429245007062125296e+03 3.826361189481559923e-16
5.431237499421921711e+03 4.367772969813424566e-16
5.433229967543276871e+03 3.235343274889039449e-16
5.435222411410251880e+03 2.231472840122779920e-16
5.437214831006900567e+03 4.004625664516563007e-16
5.439207226317282220e+03 3.065777571316240981e-16
5.441199597325454306e+03 2.476871067694626539e-16
5.443191944015474292e+03 4.774790154294395081e-16
5.445184266371401463e+03 2.756785884040770803e-16
5.447176564377290561e+03 4.094203745452202941e-16
5.449168838017201779e+03 2.213803295832559263e-16
5.451161087275192585e+03 2.848489918494965392e-16
5.453153312135319538e+03 3.383916543031819160e-16
5.455145512581640105e+03 2.342218566867382943e-16
5.457137688598213572e+03 2.262661262241256916e-16
5.459129840169095587e+03 3.299665272742468425e-16
5.461121967278345437e+03 3.817518435286812807e-16
5.463114069910019680e+03 1.366813513878571534e-16
5.465106148048176692e+03 2.047853916980062242e-16
5.467098201676874851e+03 2.504317999882114403e-16
5.469090230780169804e+03 1.539336330681422638e-16
5.471082235342120839e+03 2.859518240194871216e-16
5.473074215346785422e+03 1.204593662350215329e-16
5.475066170778220112e+03 3.373754237427992847e-16
5.477058101620484194e+03 1.510617847870417551e-16
5.479050007857634228e+03 3.353716487449054016e-16
5.481041889473728588e+03 3.853188660605205652e-16
5.483033746452823834e+03 1.905699367407244058e-16
5.485025578778979252e+03 9.736011203613413164e-17
5.487017386436251400e+03 1.750160674048425688e-16
5.489009169408696835e+03 3.161450329062563421e-16
5.491000927680375753e+03 2.445254714240459165e-16
5.492992661235344713e+03 1.463657171861392711e-16
5.494984370057662090e+03 2.797650931102218784e-16
5.496976054131382625e+03 1.737454399834243519e-16
5.498967713440568332e+03 3.289416127102028174e-16
5.500959347969273040e+03 3.940454301353618732e-16
5.502950957701556035e+03 3.169689927358022443e-16
5.504942542621476605e+03 3.327384338484144853e-16
5.506934102713089487e+03 3.552893485739396760e-16
5.508925637960453969e+03 3.305281575780002048e-16
5.510917148347627517e+03 1.068812113624950677e-16
5.512908633858667599e+03 3.366132760271215140e-16
5.514900094477632592e+03 2.862765489298409787e-16
5.516891530188579054e+03 2.998666499724810716e-16
5.518882940975564452e+03 4.143633332870568629e-16
5.520874326822648072e+03 2.940519545521290121e-16
5.522865687713886473e+03 2.746181248659769752e-16
5.524857023633338031e+03 2.918276483003755928e-16
5.526848334565059304e+03 2.531705522640886112e-16
5.528839620493108669e+03 3.152572628725821796e-16
5.530830881401543593e+03 2.917593270546588850e-16
5.532822117274421544e+03 1.773269089878090506e-16
5.534813328095800898e+03 2.067952666808585623e-16
5.536804513849740033e+03 8.460201192406191399e-17
5.538795674520293687e+03 1.934416360703956940e-16
5.540786810091522966e+03 3.424790368114071333e-16
5.542777920547482609e+03 2.973417609201553096e-16
5.544769005872232810e+03 2.463020868789706305e-16
5.546760066049828310e+03 3.010194872595629388e-16
5.548751101064330214e+03 2.794071021480424766e-16
5.550742110899793261e+03 1.769865808126930262e-16
5.552733095540277645e+03 3.733612609002596874e-16
5.554724054969839017e+03 3.167857579925337282e-16
5.556714989172534843e+03 3.342458446911946465e-16
5.558705898132425318e+03 2.978164801121965000e-16
5.560696781833565183e+03 1.191268290754667819e-16
5.562687640260013723e+03 3.525736187677229112e-16
5.564678473395829315e+03 2.549462189006105780e-16
5.566669281225067607e+03 2.884875532530667625e-16
5.568660063731787886e+03 1.774698383758688189e-16
5.570650820900047620e+03 3.318861891765438964e-16
5.572641552713902456e+03 1.597472903510053384e-16
5.574632259157412591e+03 2.361696206020012228e-16
5.576622940214634582e+03 2.542843858064174598e-16
5.578613595869626806e+03 2.566804680307223224e-16
5.580604226106446731e+03 2.697845955201242742e-16
5.582594830909150915e+03 4.501270063590514671e-16
5.584585410261797733e+03 3.371487050852028472e-16
5.586575964148445564e+03 2.387070383161505903e-16
5.588566492553150965e+03 3.051118756214299601e-16
5.590556995459972313e+03 2.298013429832847490e-16
5.592547472852967985e+03 1.620105533297199981e-16
5.594537924716192720e+03 2.481494887952400809e-16
5.596528351033708532e+03 1.496863503049499987e-16
5.598518751789569251e+03 2.352273129046045584e-16
5.600509126967834163e+03 3.390283291269626207e-16
5.602499476552560736e+03 2.592309699723078235e-16
5.604489800527808256e+03 2.545913259656986409e-16
5.606480098877630553e+03 1.980900326205942260e-16
5.608470371586088731e+03 2.031212358686474900e-16
5.610460618637240259e+03 2.183819857087162840e-16
5.612450840015140784e+03 3.210247953790770131e-16
5.614441035703848684e+03 4.416232089646933562e-16
5.616431205687422334e+03 1.504793607893017292e-16
5.618421349949920113e+03 3.070515011225723947e-16
5.620411468475397669e+03 3.085685221253208718e-16
5.622401561247914287e+03 1.509204323824714013e-16
5.624391628251526527e+03 3.680391074410272474e-16
5.626381669470292763e+03 2.326902001618804739e-16
5.628371684888270465e+03 1.703961216959145486e-16
5.630361674489517100e+03 3.595191502734129554e-16
5.632351638258091043e+03 1.563093049105319042e-16
5.634341576178048854e+03 2.606402396548437591e-16
5.636331488233448908e+03 2.910484622175869547e-16
5.638321374408348674e+03 3.671284073790379449e-16
5.640311234686805619e+03 2.727227539398170613e-16
5.642301069052879029e+03 3.806323299345979177e-16
5.644290877490624553e+03 1.392157306983611323e-16
5.646280659984100566e+03 1.536552112161903490e-16
5.648270416517364538e+03 2.226330127865709118e-16
5.650260147074473934e+03 3.979483757677206995e-16
5.652249851639488043e+03 3.330327317797158688e-16
5.654239530196462511e+03 2.395321621730900991e-16
5.656229182729455715e+03 3.007519386045173864e-16
5.658218809222525124e+03 2.442438603887806762e-16
5.660208409659729114e+03 2.518644324611172482e-16
5.662197984025124242e+03 2.557629401404420920e-16
5.664187532302770705e+03 2.614552641807362743e-16
5.666177054476722333e+03 2.743386091534495396e-16
5.668166550531039320e+03 1.734323213301334927e-16
5.670156020449780044e+03 3.658880497042032141e-16
5.672145464216999244e+03 3.756561426190673900e-16
5.674134881816757115e+03 2.590743379415762268e-16
5.676124273233110216e+03 2.231355199033467218e-16
5.678113638450116923e+03 2.268788145512232108e-16
5.680102977451834704e+03 2.600278700370616673e-16
5.682092290222321026e+03 2.297983641270893726e-16
5.684081576745633356e+03 2.787818770927971726e-16
5.686070837005829162e+03 3.020676474689767879e-16
5.688060070986966821e+03 1.827410363050821369e-16
5.690049278673102890e+03 1.617329723316711092e-16
5.692038460048297566e+03 2.256518729291040809e-16
5.694027615096605587e+03 3.025246669615538985e-16
5.696016743802085330e+03 3.889555805188199340e-16
5.698005846148795172e+03 2.922664367312881452e-16
5.699994922120793490e+03 3.190144151581483935e-16
5.701983971702136841e+03 2.383643761616432328e-16
5.703972994876881785e+03 2.922616399873998607e-16
5.705961991629088516e+03 2.259088821912903887e-16
5.707950961942813592e+03 3.463796888483070835e-16
5.709939905802113572e+03 2.035927195233516775e-16
5.711928823191047741e+03 1.673187914876862519e-16
5.713917714093673567e+03 2.576516634953640834e-16
5.715906578494046698e+03 3.051380140015403564e-16
5.717895416376228241e+03 6.770126939074796995e-17
5.719884227724272932e+03 2.131102053290919027e-16
5.721873012522240060e+03 2.669752596388215304e-16
5.723861770754187091e+03 5.248233894492332879e-16
5.725850502404170584e+03 3.863486720451154867e-16
5.727839207456248914e+03 3.733320013741716158e-16
5.729827885894480460e+03 1.464521722579067200e-16
5.731816537702921778e+03 2.148479146548632823e-16
5.733805162865630336e+03 1.925699886978551536e-16
5.735793761366665422e+03 2.422321326240392111e-16
5.737782333190084501e+03 3.259634862916648118e-16
5.739770878319943222e+03 2.605200148004538261e-16
5.741759396740300872e+03 2.106229047133420019e-16
5.743747888435214918e+03 2.255175149389374505e-16
5.745736353388742828e+03 3.187046319089103063e-16
5.747724791584942977e+03 2.086581016612027390e-16
5.749713203007871925e+03 3.174780305989684217e-16
5.751701587641587139e+03 3.252692331502655366e-16
5.753689945470147904e+03 3.002607182259158111e-16
5.755678276477610780e+03 3.207104045142388950e-16
5.757666580648033232e+03 3.096486205398673780e-16
5.759654857965473639e+03 2.109891009078755781e-16
5.761643108413989466e+03 3.067934073381019082e-16
5.763631331977637274e+03 2.206186833837301205e-16
5.765619528640476346e+03 4.104499518744347343e-16
5.767607698386564152e+03 1.975861784884597931e-16
5.769595841199957249e+03 2.407271720449072632e-16
5.771583957064714014e+03 4.541650947913658521e-16
5.773572045964892823e+03 2.031429424381918569e-16
5.775560107884550234e+03 3.043642463865482770e-16
5.777548142807743716e+03 2.974802446815587034e-16
5.779536150718531644e+03 3.657460269827658470e-16
5.781524131600972396e+03 1.864075946711469578e-16
5.783512085439122529e+03 4.311497417474090573e-16
5.785500012217039512e+03 3.434597304595900805e-16
5.787487911918780810e+03 2.821086469793761683e-16
5.789475784528406621e+03 3.638185715413266520e-16
5.791463630029971682e+03 1.727940213991195692e-16
5.793451448407534372e+03 2.166128096999117111e-16
5.795439239645153066e+03 2.209582021763308867e-16
5.797427003726885232e+03 2.004341984648498749e-16
5.799414740636788338e+03 2.189056893511195814e-16
5.801402450358920760e+03 1.412328104231060556e-16
5.803390132877338146e+03 2.371145164124352825e-16
5.805377788176100694e+03 2.450502498942130254e-16
5.807365416239264960e+03 3.293328268731702399e-16
5.809353017050887502e+03 1.374241059824920140e-16
5.811340590595027606e+03 2.320944867146598019e-16
5.813328136855742741e+03 2.683784286591816206e-16
5.815315655817089464e+03 2.094235699569261802e-16
5.817303147463126152e+03 1.391085594532785142e-16
5.819290611777912090e+03 1.727879996610539890e-16
5.821278048745502019e+03 8.274672452389785252e-17
5.823265458349955225e+03 3.841226644855194931e-16
5.825252840575329174e+03 3.023131453919877463e-16
5.827240195405682243e+03 3.463140361709868672e-16
5.829227522825070992e+03 2.735296344429114046e-16
5.831214822817551976e+03 2.039734710658759750e-16
5.833202095367186303e+03 3.029312396561029392e-16
5.835189340458028710e+03 3.550546363824542566e-16
5.837176558074137574e+03 1.981997449814837510e-16
5.839163748199571273e+03 2.533041224395753169e-16
5.841150910818387274e+03 4.354478605532085264e-17
5.843138045914642134e+03 2.165801318426399020e-16
5.845125153472395141e+03 2.562570005446634354e-16
5.847112233475703761e+03 2.501124188721884838e-16
5.849099285908623642e+03 2.849978634189151634e-16
5.851086310755214981e+03 2.006536900870317132e-16
5.853073307999534336e+03 3.261826525568511571e-16
5.855060277625639173e+03 1.845504333697381864e-16
5.857047219617586961e+03 3.067993885975416721e-16
5.859034133959436076e+03 2.847653556009674399e-16
5.861021020635243985e+03 2.059519648130722743e-16
5.863007879629069066e+03 1.904482081439116786e-16
5.864994710924966967e+03 1.824653155510574692e-16
5.866981514506996973e+03 3.469323244369940883e-16
5.868968290359216553e+03 1.719632291100311850e-16
5.870955038465683174e+03 1.756783187122365717e-16
5.872941758810455212e+03 5.197796036451857867e-17
5.874928451377589226e+03 3.504644428745818919e-16
5.876915116151143593e+03 3.446725710816657290e-16
5.878901753115174870e+03 4.543466704358552004e-16
5.880888362253742343e+03 2.027874141596224690e-16
5.882874943550903481e+03 2.101479175498504411e-16
5.884861496990713931e+03 2.755424839103197907e-16
5.886848022557232980e+03 1.359223865963576508e-16
5.888834520234519005e+03 2.197309078784489020e-16
5.890820990006628563e+03 3.704774780435206451e-16
5.892807431857620031e+03 2.373648405775923602e-16
5.894793845771549059e+03 1.835770077255854881e-16
5.896780231732476750e+03 3.690914114736500445e-17
5.898766589724457845e+03 3.506521314231704493e-16
5.900752919731550719e+03 2.026322620963149645e-16
5.902739221737813750e+03 3.096840234931191317e-16
5.904725495727305315e+03 1.533417005998695119e-16
5.906711741684081062e+03 2.437369135864114055e-16
5.908697959592198458e+03 1.528136472599627129e-16
5.910684149435717700e+03 3.266189609901867478e-16
5.912670311198695345e+03 2.200817681483682253e-16
5.914656444865187950e+03 1.832855566644420323e-16
5.916642550419254803e+03 1.922410845815048483e-16
5.918628627844952462e+03 3.669914285315783315e-16
5.920614677126338393e+03 3.453757916802476682e-16
5.922600698247471882e+03 2.743568162957263879e-16
5.924586691192409489e+03 2.271921666672989921e-16
5.926572655945207771e+03 3.190025964630378855e-16
5.928558592489926014e+03 2.832549634423779819e-16
5.930544500810621685e+03 3.729207735430335773e-16
5.932530380891352252e+03 3.803631272173021897e-16
5.934516232716175182e+03 3.674552782267768830e-16
5.936502056269147943e+03 1.670166163815471098e-16
5.938487851534328911e+03 1.571091570149523624e-16
5.940473618495774645e+03 1.808818185858598977e-16
5.942459357137544430e+03 1.864678401346233982e-16
5.944445067443694825e+03 4.558819188330577586e-16
5.946430749398283297e+03 2.838061757766155843e-16
5.948416402985369132e+03 1.671811519736529989e-16
5.950402028189007979e+03 1.543772127611752451e-16
5.952387624993258214e+03 2.623630814883228911e-16
5.954373193382178215e+03 2.278072123675582974e-16
5.956358733339824539e+03 2.083652316211603303e-16
5.958344244850255564e+03 3.176837722499012427e-16
5.960329727897529665e+03 2.732655805120960165e-16
5.962315182465701582e+03 2.093239036141930144e-16
5.964300608538832421e+03 2.625273194375777103e-16
5.966286006100978739e+03 1.809446679737984735e-16
5.968271375136197094e+03 2.990973573146532366e-16
5.970256715628545862e+03 2.872461404160768829e-16
5.972242027562084331e+03 2.330646009332539507e-16
5.974227310920867239e+03 2.605829496322096734e-16
5.976212565688954783e+03 1.861211523267358181e-16
5.978197791850402609e+03 1.865456255882861106e-16
5.980182989389269096e+03 2.657333743504986851e-16
5.982168158289612620e+03 2.353138186982187012e-16
5.984153298535491558e+03 4.015071070870821666e-16
5.986138410110959740e+03 2.750487818717177715e-16
5.988123493000080089e+03 3.904456969171853228e-16
5.990108547186906435e+03 2.270711918755127026e-16
5.992093572655498065e+03 2.997008440930653176e-16
5.994078569389911536e+03 2.445758413860836650e-16
5.996063537374206135e+03 2.944293268838552168e-16
5.998048476592438419e+03 3.080748914212511531e-16
6.000033387028665857e+03 3.978793901728811156e-16
6.002018268666946824e+03 1.931952596900009151e-16
6.004003121491338788e+03 1.439583652877832866e-16
6.005987945485900127e+03 2.539609598353401400e-16
6.007972740634686488e+03 3.066194247466503642e-16
6.009957506921757158e+03 2.570541211448229045e-16
6.011942244331168695e+03 2.593458361881948918e-16
6.013926952846981294e+03 2.038428721165244347e-16
6.015911632453249695e+03 2.539195742271621120e-16
6.017896283134032274e+03 2.202788260308896595e-16
6.019880904873387408e+03 1.203822949295104973e-16
6.021865497655372565e+03 1.777286735700784516e-16
6.023850061464045211e+03 1.833431036167608710e-16
6.025834596283463725e+03 2.539823133820312601e-16
6.027819102097684663e+03 3.641635736331616461e-16
6.029803578890765493e+03 2.108144719071584092e-16
6.031788026646766411e+03 3.184109462179336505e-16
6.033772445349741247e+03 3.577378059286362817e-16
6.035756834983752015e+03 2.749364290876356611e-16
6.037741195532852544e+03 2.467272228097981266e-16
6.039725526981102121e+03 1.415812142353992332e-16
6.041709829312559123e+03 1.627844699616997068e-16
6.043694102511280107e+03 2.970687375919865496e-16
6.045678346561322542e+03 1.930133838434915906e-16
6.047662561446744803e+03 5.430148675434640502e-17
6.049646747151604359e+03 1.772417271418069886e-16
6.051630903659959586e+03 2.648422091838140148e-16
6.053615030955866132e+03 1.015871685066123574e-16
6.055599129023384194e+03 2.156722157452338724e-16
6.057583197846569419e+03 4.034983517205580940e-16
6.059567237409481095e+03 2.611131682388087048e-16
6.061551247696175778e+03 2.825567955446776751e-16
6.063535228690710937e+03 1.981116155186886263e-16
6.065519180377144949e+03 3.806253142785782118e-16
6.067503102739536189e+03 3.629718604389870123e-16
6.069486995761940307e+03 1.138071527307834907e-16
6.071470859428416588e+03 2.091169261632371040e-16
6.073454693723022501e+03 2.373692814191523681e-16
6.075438498629814603e+03 2.337881710212068023e-16
6.077422274132852181e+03 1.488659301734244478e-16
6.079406020216190882e+03 2.509803810651141946e-16
6.081389736863890903e+03 2.814236515453933824e-16
6.083373424060007892e+03 2.308091439457443496e-16
6.085357081788601135e+03 1.306025772779992044e-16
6.087340710033726282e+03 2.974096883106830580e-16
6.089324308779442617e+03 2.187626997334046897e-16
6.091307878009807609e+03 1.658945536095167295e-16
6.093291417708878726e+03 2.971243910623421020e-16
6.095274927860712523e+03 3.075558652213213041e-16
6.097258408449368289e+03 2.600456481069789162e-16
6.099241859458903491e+03 1.191039056739922701e-16
6.101225280873374686e+03 2.218078265442973758e-16
6.103208672676841161e+03 2.961126749201869537e-16
6.105192034853358564e+03 2.770430414647234084e-16
6.107175367386986181e+03 3.021396580455496051e-16
6.109158670261780571e+03 3.197196024835260887e-16
6.111141943461801020e+03 2.261170362267067670e-16
6.113125186971104085e+03 1.159109271491499953e-16
6.115108400773747235e+03 2.307795133556004251e-16
6.117091584853787936e+03 2.360205986050148874e-16
6.119074739195285474e+03 4.528637699370994246e-16
6.121057863782296408e+03 3.748855590248914750e-16
6.123040958598877296e+03 1.940893637252025327e-16
6.125024023629087424e+03 2.535412903318282148e-16
6.127007058856983349e+03 2.269034097289668940e-16
6.128990064266625268e+03 1.413801620596634753e-16
6.130973039842067010e+03 2.497097181754415120e-16
6.132955985567368771e+03 1.631305230015969155e-16
6.134938901426587108e+03 3.454423086909622680e-16
6.136921787403781309e+03 2.743287876501058178e-16
6.138904643483007021e+03 4.156266095744809632e-16
6.140887469648323531e+03 2.658402704656117361e-16
6.142870265883787397e+03 1.681622179940129994e-16
6.144853032173456086e+03 2.730395950056855861e-16
6.146835768501388884e+03 8.826059239681886245e-17
6.148818474851642350e+03 1.294879790116799819e-16
6.150801151208273950e+03 3.163251824877325072e-16
6.152783797555341152e+03 3.383028223020151210e-16
6.154766413876903243e+03 2.499558619271962919e-16
6.156749000157014962e+03 2.691734092383617685e-17
6.158731556379738322e+03 2.551764909509407381e-16
6.160714082529126244e+03 1.930917607621622792e-16
6.162696578589239834e+03 2.129958782059967496e-16
6.164679044544134740e+03 3.809067529983730373e-16
6.166661480377870248e+03 2.835446672454185781e-16
6.168643886074502916e+03 3.413419086469006546e-16
6.170626261618090211e+03 9.634612683587899232e-17
6.172608606992691421e+03 2.402287810568551808e-16
6.174590922182362192e+03 1.140527552438939221e-16
6.176573207171160902e+03 3.004369017974142703e-16
6.178555461943145929e+03 9.481141104413715589e-17
6.180537686482373829e+03 1.720969994815581467e-16
6.182519880772903889e+03 1.526765168409513670e-16
6.184502044798791758e+03 2.386195097384216219e-16
6.186484178544096721e+03 1.957475789079881000e-16
6.188466281992876247e+03 8.749040561090635274e-17
6.190448355129186893e+03 1.216929978258780347e-16
6.192430397937087037e+03 3.517950034018717673e-16
6.194412410400633235e+03 1.530417469800422519e-16
6.196394392503885683e+03 2.764547975101006831e-16
6.198376344230900941e+03 1.575494952523619614e-16
