# Wavelength Flux
3.250485578588953103e+03 8.807174547655226388e-16
3.252494997879693074e+03 1.252014611247384693e-15
3.254504410277249008e+03 2.939127531628620937e-16
3.256513815765678373e+03 5.846535292875863230e-16
3.258523214329039547e+03 -1.392959854866265875e-15
3.260532605951389087e+03 8.380075164599837653e-16
3.262541990616785370e+03 1.726089581519495284e-15
3.264551368309285408e+03 1.490075058833003204e-15
3.266560739012948034e+03 -6.441037168675477793e-18
3.268570102711829804e+03 2.527666784779140540e-16
3.270579459389989097e+03 6.425631922980496851e-16
3.272588809031483379e+03 1.913409128940005258e-16
3.274598151620370118e+03 6.564900659613297940e-16
3.276607487140706780e+03 -5.527842736399007550e-16
3.278616815576551744e+03 7.886297515682391140e-16
3.280626136911962476e+03 3.743042751544563595e-16
3.282635451130995989e+03 5.322623247072705509e-16
3.284644758217710660e+03 7.903570635202959557e-16
3.286654058156163956e+03 3.443948871744114356e-16
3.288663350930413799e+03 -1.161341357464024596e-17
3.290672636524517202e+03 2.680791724951524603e-16
3.292681914922532542e+03 8.027590536387782301e-16
3.294691186108516831e+03 6.866007364839817848e-16
3.296700450066528447e+03 5.490358820921433274e-16
3.298709706780624401e+03 1.198672724715090965e-15
3.300718956234862617e+03 1.032578082817756779e-15
3.302728198413301016e+03 9.066548958231719486e-17
3.304737433299996610e+03 3.188709527245648551e-16
3.306746660879008232e+03 2.640349191384994264e-16
3.308755881134391984e+03 8.491107810245316846e-16
3.310765094050207153e+03 6.906608756188574413e-16
3.312774299610509843e+03 6.995098578229937996e-16
3.314783497799359338e+03 8.466445038215962913e-16
3.316792688600811744e+03 8.279893792432617904e-16
3.318801871998925890e+03 4.175593347438629741e-16
3.320811047977758790e+03 8.185727251274001581e-16
3.322820216521368820e+03 7.743862870189452489e-16
3.324829377613812539e+03 7.872519305922993197e-16
3.326838531239148779e+03 5.470262503477140320e-16
3.328847677381434096e+03 1.008168116917236220e-15
3.330856816024727323e+03 5.489287495025466363e-16
3.332865947153085017e+03 7.290545662089157791e-16
3.334875070750566010e+03 8.489416786511017301e-16
3.336884186801226861e+03 7.603460065172601078e-16
3.338893295289125490e+03 4.249542268469792277e-16
3.340902396198320275e+03 3.837435201387297265e-16
3.342911489512868229e+03 7.098170018941135203e-16
3.344920575216827274e+03 3.702007691046482860e-16
3.346929653294254877e+03 1.148894647328469266e-15
3.348938723729208959e+03 4.584722376928956454e-16
3.350947786505746990e+03 9.756620283977901633e-16
3.352956841607926890e+03 3.135988561446758442e-16
3.354965889019806127e+03 7.619451769894015617e-16
3.356974928725442169e+03 5.423032132401772122e-16
3.358983960708892937e+03 3.716093646725217044e-16
3.360992984954215899e+03 1.313988538968388791e-15
3.363002001445469432e+03 7.278045343608161679e-16
3.365011010166710093e+03 1.189258903291253443e-15
3.367020011101996261e+03 1.288200504303265048e-15
3.369029004235385855e+03 5.171904861279113897e-16
3.371037989550935890e+03 1.108556420589532977e-15
3.373046967032704288e+03 9.441863039355425895e-16
3.375055936664748515e+03 1.250270088837243169e-15
3.377064898431126949e+03 1.121799571784509355e-15
3.379073852315896147e+03 1.277045045081601763e-15
3.381082798303114942e+03 1.296683308204549420e-15
3.383091736376840345e+03 1.886068795500733520e-15
3.385100666521129824e+03 1.323977372051664660e-15
3.387109588720041756e+03 1.579908354297524461e-15
3.389118502957633154e+03 1.432481122508841901e-15
3.391127409217962395e+03 1.683893505863616712e-15
3.393136307485086036e+03 2.355071326734673561e-15
3.395145197743062909e+03 2.347277715309710903e-15
3.397154079975950026e+03 2.251995559544723839e-15
3.399162954167805310e+03 2.762920615577481509e-15
3.401171820302686228e+03 3.036250977620553137e-15
3.403180678364650703e+03 2.854179442754434332e-15
3.405189528337756201e+03 2.983061538080776083e-15
3.407198370206060190e+03 3.079576145168737884e-15
3.409207203953621047e+03 3.416395031554279000e-15
3.411216029564495784e+03 3.126830020406363122e-15
3.413224847022742324e+03 2.920687340364584907e-15
3.415233656312418134e+03 2.610995385437563857e-15
3.417242457417581136e+03 2.106800887675615500e-15
3.419251250322288797e+03 1.966853276417179350e-15
3.421260035010599040e+03 2.080828125482340593e-15
3.423268811466569332e+03 2.262074856841248298e-15
3.425277579674257595e+03 1.841151041233401144e-15
3.427286339617721296e+03 1.426120642406016563e-15
3.429295091281017903e+03 1.690746890768595344e-15
3.431303834648205338e+03 1.584205965601965455e-15
3.433312569703341069e+03 1.372835242412769642e-15
3.435321296430483017e+03 1.441459361137612440e-15
3.437330014813689104e+03 1.298125750700479917e-15
3.439338724837016343e+03 9.897203226281143425e-16
3.441347426484522657e+03 8.804761715695443408e-16
3.443356119740265967e+03 5.727764468817246048e-16
3.445364804588303741e+03 5.903276472990178637e-16
3.447373481012693446e+03 9.970085531800626566e-16
3.449382148997493005e+03 7.479687036792863510e-16
3.451390808526759884e+03 7.246904054074664521e-16
3.453399459584552460e+03 6.702769396043365342e-16
3.455408102154927292e+03 1.064506995660147367e-15
3.457416736221942756e+03 1.108454885971764818e-15
3.459425361769656320e+03 1.078464996180780674e-15
3.461433978782125905e+03 1.121159466515624610e-15
3.463442587243408980e+03 1.032202929997126924e-15
3.465451187137563011e+03 1.370533356573907268e-15
3.467459778448645920e+03 1.006788489563698992e-15
3.469468361160715176e+03 9.799635468842017715e-16
3.471476935257829155e+03 1.101512035729705265e-15
3.473485500724044414e+03 1.051122299182404826e-15
3.475494057543419331e+03 9.140999436748933554e-16
3.477502605700011372e+03 1.054360032867918645e-15
3.479511145177878461e+03 1.119359874687317362e-15
3.481519675961078065e+03 1.223438255855720748e-15
3.483528198033667650e+03 8.261308075225898487e-16
3.485536711379705139e+03 1.166516108480637903e-15
3.487545215983247999e+03 1.022351455270618015e-15
3.489553711828354608e+03 1.080209140595432617e-15
3.491562198899081523e+03 8.588427641577677871e-16
3.493570677179487120e+03 6.211197298938216617e-16
3.495579146653628868e+03 6.597571460499774318e-16
3.497587607305564234e+03 4.860715324615263149e-16
3.499596059119351594e+03 6.073464032990921898e-16
3.501604502079047961e+03 5.593251680629845295e-16
3.503612936168711258e+03 7.204667137488826283e-16
3.505621361372398951e+03 3.887371067538458648e-16
3.507629777674168963e+03 5.347880733518645738e-16
3.509638185058078761e+03 7.496374094657753704e-16
3.511646583508186268e+03 7.471426809176357019e-16
3.513654973008548950e+03 6.262887540938457273e-16
3.515663353543224275e+03 8.692952087487448432e-16
3.517671725096270620e+03 6.761785498129955323e-16
3.519680087651744543e+03 8.202080233099060685e-16
3.521688441193704875e+03 5.119252003229709889e-16
3.523696785706208630e+03 5.401170472773253999e-16
3.525705121173313728e+03 7.441256247779114206e-16
3.527713447579077638e+03 5.930562702797811537e-16
3.529721764907558281e+03 4.328631650629191209e-16
3.531730073142812671e+03 6.446746850626504712e-16
3.533738372268899184e+03 6.521854283927118679e-16
3.535746662269875742e+03 7.482577903320087352e-16
3.537754943129798903e+03 5.166861857949057659e-16
3.539763214832727044e+03 7.774759169802553533e-16
3.541771477362718088e+03 5.220965034476097771e-16
3.543779730703829046e+03 8.449510123018450125e-16
3.545787974840118295e+03 6.240446840187975734e-16
3.547796209755642849e+03 8.079974982018387713e-16
3.549804435434461084e+03 5.340495857898087672e-16
3.551812651860630012e+03 6.708686061473379846e-16
3.553820859018207102e+03 5.000642715027235270e-16
3.555829056891250730e+03 5.015617422486533267e-16
3.557837245463818817e+03 7.023601481404837727e-16
3.559845424719967923e+03 4.940423995597765653e-16
3.561853594643756423e+03 4.163692935025725230e-16
3.563861755219241786e+03 6.063187367307358689e-16
3.565869906430481933e+03 8.159471522655067530e-16
3.567878048261534332e+03 5.490856374749351387e-16
3.569886180696456904e+03 4.452231665062128383e-16
3.571894303719306663e+03 5.837162149956281704e-16
3.573902417314141985e+03 4.787998346021167428e-16
3.575910521465019883e+03 5.902372636185751836e-16
3.577918616155999189e+03 4.500393432224761224e-16
3.579926701371136005e+03 5.067198933010423945e-16
3.581934777094489164e+03 5.275460720240097908e-16
3.583942843310115677e+03 5.588117130877271996e-16
3.585950900002073922e+03 6.215762927772512905e-16
3.587958947154420912e+03 4.901350395964694635e-16
3.589966984751214568e+03 6.780993759269306229e-16
3.591975012776512358e+03 4.825312420783850522e-16
3.593983031214372659e+03 5.612926057384853520e-16
3.595991040048852028e+03 4.705481899582854836e-16
3.597999039264008843e+03 5.232188141379422360e-16
3.600007028843901026e+03 5.713655690086795826e-16
3.602015008772585134e+03 5.010374883576139899e-16
3.604022979034119999e+03 4.286467334825539368e-16
3.606030939612563088e+03 4.892472795807359190e-16
3.608038890491971870e+03 5.837968001612255425e-16
3.610046831656403356e+03 5.058143690608350907e-16
3.612054763089916378e+03 5.638145294329747269e-16
3.614062684776567949e+03 4.459671691877634144e-16
3.616070596700415990e+03 4.894686971216400065e-16
3.618078498845517515e+03 5.293443201431862909e-16
3.620086391195931355e+03 4.788606266306536287e-16
3.622094273735714069e+03 6.742876173835810835e-16
3.624102146448924032e+03 5.271131627458051362e-16
3.626110009319618712e+03 6.218752570445574926e-16
3.628117862331855576e+03 6.304702307255078068e-16
3.630125705469692548e+03 4.364553060844697204e-16
3.632133538717187093e+03 5.686312980396513591e-16
3.634141362058397135e+03 4.234013277082557239e-16
3.636149175477380595e+03 5.929826723621205596e-16
3.638156978958194031e+03 5.012438139552760432e-16
3.640164772484896275e+03 5.870128571665734682e-16
3.642172556041544340e+03 5.189597376923488457e-16
3.644180329612196147e+03 4.921523776160963497e-16
3.646188093180909618e+03 5.783580804454864625e-16
3.648195846731741767e+03 5.696832536333755192e-16
3.650203590248750970e+03 5.260985924826981765e-16
3.652211323715994240e+03 5.379233942395345892e-16
3.654219047117529954e+03 5.519739180425232695e-16
3.656226760437415123e+03 6.896117593574461258e-16
3.658234463659707671e+03 7.059763202778116241e-16
3.660242156768465065e+03 4.334671453066709019e-16
3.662249839747745682e+03 4.242054121808464830e-16
3.664257512581606534e+03 5.197438019125145234e-16
3.666265175254105088e+03 6.244606862098867869e-16
3.668272827749299722e+03 6.542576236671375962e-16
3.670280470051247903e+03 5.553497758415533453e-16
3.672288102144006643e+03 5.616948897767293578e-16
3.674295724011634775e+03 6.129559314853853930e-16
3.676303335638188855e+03 4.944076595190542929e-16
3.678310937007727262e+03 7.170551387099748226e-16
3.680318528104307006e+03 5.379041794628094493e-16
3.682326108911986921e+03 4.775272962025653843e-16
3.684333679414823109e+03 4.284838150475909098e-16
3.686341239596874402e+03 5.701070779662928632e-16
3.688348789442198267e+03 5.226691622573038106e-16
3.690356328934852172e+03 4.701408170545764288e-16
3.692363858058893584e+03 5.565556067192113284e-16
3.694371376798380879e+03 6.156790431708170930e-16
3.696378885137371071e+03 6.039958869559628696e-16
3.698386383059921627e+03 4.620131795057741136e-16
3.700393870550090924e+03 3.931593614942203705e-16
3.702401347591936428e+03 5.684076953588206024e-16
3.704408814169515608e+03 5.383088577043211604e-16
3.706416270266886386e+03 7.316501879066299227e-16
3.708423715868106228e+03 5.649454778594125871e-16
3.710431150957233058e+03 5.562458094160988460e-16
3.712438575518323887e+03 5.486459826144224842e-16
3.714445989535437093e+03 4.652241441551350364e-16
3.716453392992630143e+03 3.732551820386899736e-16
3.718460785873960504e+03 5.514303627623058186e-16
3.720468168163486098e+03 3.842948449941264316e-16
3.722475539845264393e+03 4.871144089772841743e-16
3.724482900903353311e+03 5.872596818304494348e-16
3.726490251321810319e+03 6.068892859655641874e-16
3.728497591084693340e+03 4.830809171431774902e-16
3.730504920176059386e+03 4.140751171466040771e-16
3.732512238579966834e+03 4.507268164858059180e-16
3.734519546280473151e+03 4.261410070693189969e-16
3.736526843261635804e+03 5.313214550331666291e-16
3.738534129507512716e+03 5.643780695554426283e-16
3.740541405002161355e+03 7.092179474708591723e-16
3.742548669729639641e+03 6.565332243114333438e-16
3.744555923674005044e+03 4.612714429361892344e-16
3.746563166819315484e+03 5.360350997371207058e-16
3.748570399149627974e+03 6.081761515695808221e-16
3.750577620649000892e+03 4.332904134607909808e-16
3.752584831301491704e+03 4.124291895367634488e-16
3.754592031091157878e+03 5.060184093107028832e-16
3.756599220002057336e+03 4.905814974866423196e-16
3.758606398018247546e+03 4.027133434599236964e-16
3.760613565123786429e+03 3.762894264462643546e-16
3.762620721302730999e+03 4.469889195721255813e-16
3.764627866539140086e+03 5.310345275324687714e-16
3.766635000817070249e+03 4.551893775485291655e-16
3.768642124120579865e+03 4.289815726584883523e-16
3.770649236433726401e+03 4.539471587557038877e-16
3.772656337740567324e+03 6.310257423513092823e-16
3.774663428025160101e+03 5.657780961381671761e-16
3.776670507271563110e+03 4.532106592314528566e-16
3.778677575463833819e+03 5.598031960728308744e-16
3.780684632586029238e+03 3.965752478603394784e-16
3.782691678622208201e+03 4.461670649668169074e-16
3.784698713556426810e+03 5.965268120388291874e-16
3.786705737372744352e+03 4.073831082873051313e-16
3.788712750055217839e+03 4.891550082938388703e-16
3.790719751587904284e+03 4.638887317924955641e-16
3.792726741954862518e+03 3.867545861671068765e-16
3.794733721140149100e+03 4.332075817595901764e-16
3.796740689127822861e+03 4.139502580061978970e-16
3.798747645901940359e+03 4.087256329593111410e-16
3.800754591446559971e+03 3.555830839364167938e-16
3.802761525745739164e+03 3.418369760893824975e-16
3.804768448783535405e+03 4.789242977747219101e-16
3.806775360544006617e+03 5.894218487883889135e-16
3.808782261011210721e+03 3.310661453208161001e-16
3.810789150169204731e+03 4.005429787734383912e-16
3.812796028002047024e+03 5.122936043399753941e-16
3.814802894493794611e+03 5.628918693259311955e-16
3.816809749628505415e+03 5.865746633004063112e-16
3.818816593390236903e+03 3.985574146011891840e-16
3.820823425763047453e+03 5.773967729758648243e-16
3.822830246730994077e+03 4.610465766839774231e-16
3.824837056278134696e+03 6.359206140306930544e-16
3.826843854388526779e+03 4.689853745992786764e-16
3.828850641046228247e+03 4.746727154229981473e-16
3.830857416235296569e+03 3.501957530727689537e-16
3.832864179939789210e+03 4.256911048499726769e-16
3.834870932143764549e+03 5.682054516212502166e-16
3.836877672831279597e+03 4.635078988537446712e-16
3.838884401986392731e+03 4.538535524202523948e-16
3.840891119593160511e+03 4.281716977286053860e-16
3.842897825635641311e+03 4.731633564487227083e-16
3.844904520097893055e+03 5.492559913942843429e-16
3.846911202963973210e+03 6.653144659368069779e-16
3.848917874217939243e+03 6.171277766203789095e-16
3.850924533843848621e+03 4.129586901571715604e-16
3.852931181825759268e+03 6.060458349949669860e-16
3.854937818147729104e+03 5.764170580935665000e-16
3.856944442793815142e+03 3.612296990661872439e-16
3.858951055748076215e+03 5.058522194512341577e-16
3.860957656994568424e+03 3.982724807263773611e-16
3.862964246517351057e+03 5.067786801169251252e-16
3.864970824300480672e+03 6.978286494205583818e-16
3.866977390328015190e+03 4.908486925877026143e-16
3.868983944584012534e+03 3.531992148824244666e-16
3.870990487052529716e+03 4.416257314920381244e-16
3.872997017717625567e+03 6.432285452230590662e-16
3.875003536563356647e+03 4.163700847416846703e-16
3.877010043573780877e+03 5.961481627703479268e-16
3.879016538732956633e+03 5.721543750091216376e-16
3.881023022024940474e+03 5.883363777968456692e-16
3.883029493433791231e+03 5.323096793298667278e-16
3.885035952943565462e+03 5.434875294167290983e-16
3.887042400538321999e+03 5.832172409084569937e-16
3.889048836202116945e+03 4.127802576438542855e-16
3.891055259919009586e+03 6.502296166715203178e-16
3.893061671673056935e+03 5.675292744218526251e-16
3.895068071448316459e+03 5.243824948895128295e-16
3.897074459228845626e+03 5.723805573983091658e-16
3.899080834998703267e+03 6.432486281435526284e-16
3.901087198741945940e+03 5.880794280268005112e-16
3.903093550442631113e+03 6.048627798198505209e-16
3.905099890084817616e+03 5.961533306723217203e-16
3.907106217652562009e+03 7.092243819113062533e-16
3.909112533129922667e+03 6.110009267388923053e-16
3.911118836500957059e+03 6.523155886351025303e-16
3.913125127749723106e+03 4.045029267595391440e-16
3.915131406860277821e+03 6.059396387684526469e-16
3.917137673816679126e+03 4.999889844010850177e-16
3.919143928602984943e+03 6.478764071769354705e-16
3.921150171203253194e+03 6.112478030729227791e-16
3.923156401601540438e+03 5.399701739503308762e-16
3.925162619781905505e+03 6.786067664626215685e-16
3.927168825728405864e+03 5.854200588243203059e-16
3.929175019425098071e+03 5.527063131916803762e-16
3.931181200856041414e+03 6.297011048932910367e-16
3.933187370005292905e+03 6.495757167995050039e-16
3.935193526856909557e+03 6.302100145551361279e-16
3.937199671394949746e+03 6.609284845152168212e-16
3.939205803603471395e+03 7.096584956050266858e-16
3.941211923466531516e+03 5.195112049515118903e-16
3.943218030968188032e+03 5.815077737742606905e-16
3.945224126092498409e+03 5.972521473524698958e-16
3.947230208823521025e+03 6.431363341034853211e-16
3.949236279145312892e+03 6.118449442003452052e-16
3.951242337041931478e+03 6.590542979330705811e-16
3.953248382497435159e+03 5.960284734874419680e-16
3.955254415495881403e+03 5.916019483759160777e-16
3.957260436021327223e+03 4.740373917762292739e-16
3.959266444057830995e+03 4.885343990323325974e-16
3.961272439589450642e+03 4.348968870149850884e-16
3.963278422600242720e+03 5.372636864185304731e-16
3.965284393074266063e+03 6.147658671534596987e-16
3.967290350995577683e+03 5.196558597988467833e-16
3.969296296348235046e+03 6.494433515188036101e-16
3.971302229116296985e+03 5.981489468348210058e-16
3.973308149283819603e+03 6.408570709068069106e-16
3.975314056834861276e+03 4.679486074009115717e-16
3.977319951753480382e+03 4.295220870862998397e-16
3.979325834023733478e+03 5.457143381437029598e-16
3.981331703629678941e+03 4.453842788055428780e-16
3.983337560555373784e+03 3.412313263151528928e-16
3.985343404784876384e+03 4.400180389400014948e-16
3.987349236302244208e+03 3.942141018564909084e-16
3.989355055091534723e+03 4.674993835893445485e-16
3.991360861136805852e+03 5.531525762393607857e-16
3.993366654422115062e+03 4.140685969890209668e-16
3.995372434931519820e+03 4.996119777967253811e-16
3.997378202649078048e+03 5.754058294684749661e-16
3.999383957558847669e+03 5.549819510462267177e-16
4.001389699644885695e+03 3.601758724406735884e-16
4.003395428891250504e+03 2.782655038012713287e-16
4.005401145281999561e+03 4.769661479212101517e-16
4.007406848801190336e+03 4.479517087133784141e-16
4.009412539432880749e+03 3.561489836404922663e-16
4.011418217161127814e+03 6.358722939532470516e-16
4.013423881969989907e+03 5.630722023921656671e-16
4.015429533843524950e+03 5.721918884617399603e-16
4.017435172765789503e+03 5.194169844889853896e-16
4.019440798720842395e+03 5.585620082709103574e-16
4.021446411692740639e+03 4.179888135030096036e-16
4.023452011665542159e+03 4.212884702797751581e-16
4.025457598623303966e+03 3.980721130158637482e-16
4.027463172550084892e+03 4.821326934173034501e-16
4.029468733429941494e+03 4.526106081685119518e-16
4.031474281246932605e+03 4.449486350371612764e-16
4.033479815985114783e+03 3.982323381461461931e-16
4.035485337628546404e+03 3.619057879882445199e-16
4.037490846161284480e+03 3.229716444754607953e-16
4.039496341567386935e+03 6.467652894714939748e-16
4.041501823830912144e+03 3.286323117744897089e-16
4.043507292935916666e+03 3.226627636729717720e-16
4.045512748866459333e+03 4.263459818217467114e-16
4.047518191606596702e+03 5.564235746301018637e-16
4.049523621140387149e+03 3.015649746070610418e-16
4.051529037451888144e+03 4.828816379525798258e-16
4.053534440525157152e+03 4.365715441014667017e-16
4.055539830344252550e+03 4.211808787578313793e-16
4.057545206893230898e+03 3.951219535192473802e-16
4.059550570156150570e+03 3.179830124526098141e-16
4.061555920117069491e+03 4.377022774645173096e-16
4.063561256760044671e+03 4.264539871090132500e-16
4.065566580069134034e+03 3.409478717468279874e-16
4.067571890028395501e+03 4.186706725486341469e-16
4.069577186621886540e+03 5.009167024493241322e-16
4.071582469833664618e+03 4.535617450722812535e-16
4.073587739647787203e+03 1.912677347326731963e-16
4.075592996048313125e+03 6.011513805158217140e-16
4.077598239019298944e+03 5.292005187631089019e-16
4.079603468544802581e+03 3.318335137375095399e-16
4.081608684608881958e+03 4.884550830949988812e-16
4.083613887195594543e+03 4.332210887293535066e-16
4.085619076288997803e+03 4.310407081859022507e-16
4.087624251873149660e+03 4.187348819055253778e-16
4.089629413932108037e+03 3.872843161120366249e-16
4.091634562449930399e+03 3.160944468198720953e-16
4.093639697410673762e+03 4.040795830587204756e-16
4.095644818798396955e+03 3.905215058285933229e-16
4.097649926597156991e+03 5.122288842973059243e-16
4.099655020791011339e+03 4.925630663402632407e-16
4.101660101364018374e+03 4.919978088267808255e-16
4.103665168300235564e+03 5.651291517117666626e-16
4.105670221583719467e+03 4.350752756735443546e-16
4.107675261198529370e+03 4.993960786206740500e-16
4.109680287128721830e+03 4.829295656229832962e-16
4.111685299358354314e+03 4.438836388291648170e-16
4.113690297871486109e+03 4.577514713601799310e-16
4.115695282652173773e+03 3.744662431397389142e-16
4.117700253684474774e+03 3.245495095241563978e-16
4.119705210952446578e+03 3.907850260223241364e-16
4.121710154440148472e+03 4.525404667683245763e-16
4.123715084131636104e+03 3.931307043166766159e-16
4.125720000010967851e+03 5.234790426938607463e-16
4.127724902062202091e+03 3.045036623408009166e-16
4.129729790269396290e+03 4.198462257649896270e-16
4.131734664616607006e+03 3.669805955537004742e-16
4.133739525087892616e+03 2.663603796791103006e-16
4.135744371667311498e+03 3.790357126201282070e-16
4.137749204338921118e+03 3.701893913256799798e-16
4.139754023086778034e+03 4.921952059152488136e-16
4.141758827894940623e+03 5.241087692424720339e-16
4.143763618747465443e+03 4.472932766772994453e-16
4.145768395628412691e+03 4.611997751246196321e-16
4.147773158521838923e+03 3.977108105468546102e-16
4.149777907411800697e+03 3.873205243544043749e-16
4.151782642282356392e+03 4.983296583730345494e-16
4.153787363117563473e+03 5.589685437772444503e-16
4.155792069901480318e+03 3.505467967946110126e-16
4.157796762618164394e+03 5.703634739487160624e-16
4.159801441251673168e+03 3.660044728732065095e-16
4.161806105786063199e+03 3.187024656781168462e-16
4.163810756205394682e+03 3.427798148238506675e-16
4.165815392493723266e+03 3.910779317904854009e-16
4.167820014635106418e+03 4.403294244600095772e-16
4.169824622613603424e+03 2.595446548658454990e-16
4.171829216413270842e+03 3.722543303183365783e-16
4.173833796018167050e+03 3.969672086794710321e-16
4.175838361412348604e+03 3.914855570680110301e-16
4.177842912579874792e+03 5.109799922175271263e-16
4.179847449504801261e+03 3.785069876575226657e-16
4.181851972171187299e+03 4.478663526389960928e-16
4.183856480563090372e+03 4.929995756889124274e-16
4.185860974664567038e+03 4.963667501928723606e-16
4.187865454459676585e+03 3.056225530487625673e-16
4.189869919932474659e+03 2.955441599987221011e-16
4.191874371067021457e+03 4.511463284877870870e-16
4.193878807847372627e+03 3.689450430956676024e-16
4.195883230257586547e+03 2.926845537451827948e-16
4.197887638281720683e+03 4.393820824784187597e-16
4.199892031903833413e+03 4.692216723196009757e-16
4.201896411107981294e+03 3.930622157516150020e-16
4.203900775878222703e+03 4.449576803204495584e-16
4.205905126198615108e+03 2.049827342615158315e-16
4.207909462053215975e+03 4.676973066369889097e-16
4.209913783426083683e+03 3.530879065717902342e-16
4.211918090301275697e+03 4.874212388309648513e-16
4.213922382662849486e+03 4.681907495542047276e-16
4.215926660494861608e+03 5.388469646014919488e-16
4.217930923781372258e+03 6.613959947151291042e-16
4.219935172506436174e+03 4.424700474720755178e-16
4.221939406654113554e+03 4.986066984315656788e-16
4.223943626208460955e+03 4.179381074626893825e-16
4.225947831153534935e+03 4.477034332122664860e-16
4.227952021473395689e+03 5.919328297799458893e-16
4.229956197152098866e+03 5.391991536420475602e-16
4.231960358173702843e+03 4.487384341897495814e-16
4.233964504522265997e+03 2.876767629748969902e-16
4.235968636181843976e+03 3.919372438862810146e-16
4.237972753136496976e+03 4.551845908772691334e-16
4.239976855370280646e+03 3.296429574427170410e-16
4.241980942867253361e+03 5.183901545929708472e-16
4.243985015611473500e+03 4.658370257247576102e-16
4.245989073586997620e+03 4.806544999703617157e-16
4.247993116777883188e+03 3.767399399002539079e-16
4.249997145168189491e+03 4.519998235309883305e-16
4.252001158741973086e+03 4.319248670873471926e-16
4.254005157483292351e+03 4.569128142891961412e-16
4.256009141376202933e+03 5.386360619377103312e-16
4.258013110404765030e+03 4.220043081050203892e-16
4.260017064553034288e+03 4.140799038176654150e-16
4.262021003805070904e+03 3.837955740912074398e-16
4.264024928144929618e+03 4.642104971677544791e-16
4.266028837556670624e+03 4.311254357851759880e-16
4.268032732024349571e+03 4.484586244712307213e-16
4.270036611532024835e+03 2.735622023612177222e-16
4.272040476063754795e+03 2.935168284772634351e-16
4.274044325603596008e+03 5.476936014217049179e-16
4.276048160135607759e+03 3.901277240249479100e-16
4.278051979643845698e+03 5.712567403953093747e-16
4.280055784112368201e+03 4.573314261343127770e-16
4.282059573525233645e+03 5.150808332382742411e-16
4.284063347866499498e+03 4.966489630290105999e-16
4.286067107120223227e+03 5.601903094497548070e-16
4.288070851270462299e+03 5.715119709445996317e-16
4.290074580301274182e+03 5.141526528904572544e-16
4.292078294196717252e+03 6.416654283773711647e-16
4.294081992940848068e+03 4.655171135062679596e-16
4.296085676517725005e+03 6.237523510436872347e-16
4.298089344911406442e+03 5.496045322426319299e-16
4.300092998105949846e+03 7.408885905993088240e-16
4.302096636085411774e+03 6.309504130858582521e-16
4.304100258833850603e+03 6.876916583132867364e-16
4.306103866335324710e+03 6.359174571393335351e-16
4.308107458573889744e+03 6.777646618162099847e-16
4.310111035533605900e+03 6.782104729566793126e-16
4.312114597198527917e+03 7.270779126081456855e-16
4.314118143552715992e+03 7.454783521944020275e-16
4.316121674580227591e+03 1.049541159589479427e-15
4.318125190265119272e+03 7.848343187913830382e-16
4.320128690591448503e+03 8.472038440066960673e-16
4.322132175543274570e+03 1.046518272564695280e-15
4.324135645104653122e+03 8.949814917848517642e-16
4.326139099259644354e+03 1.073643916882152220e-15
4.328142537992303005e+03 1.144025177367649113e-15
4.330145961286689271e+03 1.103590255517451738e-15
4.332149369126858801e+03 1.353922826257344298e-15
4.334152761496870880e+03 1.309019691836601678e-15
4.336156138380782068e+03 1.275196909585183467e-15
4.338159499762650739e+03 1.365239600341946695e-15
4.340162845626534363e+03 1.244571497258644608e-15
4.342166175956490406e+03 1.475924013342612504e-15
4.344169490736576336e+03 1.231233185185763638e-15
4.346172789950850529e+03 1.293235144618975621e-15
4.348176073583370453e+03 1.228211208261339790e-15
4.350179341618193575e+03 1.022183848183622792e-15
4.352182594039377364e+03 1.028547536078883615e-15
4.354185830830980194e+03 1.096339494361268470e-15
4.356189051977058625e+03 9.749423526759556145e-16
4.358192257461671034e+03 9.100891284776675867e-16
4.360195447268874887e+03 9.740449028712825638e-16
4.362198621382728561e+03 1.005184626664414717e-15
4.364201779787288615e+03 8.205837009183292881e-16
4.366204922466613425e+03 8.165638833619111912e-16
4.368208049404760459e+03 9.867823270962258923e-16
4.370211160585788093e+03 8.325920461562906337e-16
4.372214255993752886e+03 6.992862531837564838e-16
4.374217335612712304e+03 6.536598718242511767e-16
4.376220399426725635e+03 8.160414812847409145e-16
4.378223447419848526e+03 6.278443804640416711e-16
4.380226479576140264e+03 6.423387954127628119e-16
4.382229495879658316e+03 7.471178926550378752e-16
4.384232496314459240e+03 6.768605570752585690e-16
4.386235480864602323e+03 7.127420194708025740e-16
4.388238449514143213e+03 6.520596810677749525e-16
4.390241402247142105e+03 6.723806901840483154e-16
4.392244339047654648e+03 6.100496381321604796e-16
4.394247259899738310e+03 5.498637912071839165e-16
4.396250164787452377e+03 6.391116909800887139e-16
4.398253053694854316e+03 4.631280111861253970e-16
4.400255926605999775e+03 6.250901223376546388e-16
4.402258783504948951e+03 7.838634596903180078e-16
4.404261624375757492e+03 6.599970559488745494e-16
4.406264449202484684e+03 5.320100324301889998e-16
4.408267257969187995e+03 6.465233014009629301e-16
4.410270050659923982e+03 6.257983154711499762e-16
4.412272827258751022e+03 4.770809891372802895e-16
4.414275587749726583e+03 6.667940451482491462e-16
4.416278332116908132e+03 4.987042014090775791e-16
4.418281060344354046e+03 4.981349480518757171e-16
4.420283772416121792e+03 6.127591959616012965e-16
4.422286468316268838e+03 5.046654762113543948e-16
4.424289148028852651e+03 5.293335214985353829e-16
4.426291811537931608e+03 5.067378913744621462e-16
4.428294458827562266e+03 4.450803496697116920e-16
4.430297089881803004e+03 5.728356433729950421e-16
4.432299704684712196e+03 5.906439497637966525e-16
4.434302303220345493e+03 5.667535922245637259e-16
4.436304885472762180e+03 4.911551735810348283e-16
4.438307451426020634e+03 4.508975762378416151e-16
4.440310001064175594e+03 5.135242318578214075e-16
4.442312534371288166e+03 4.863542316870059974e-16
4.444315051331413997e+03 5.182698303878316011e-16
4.446317551928610555e+03 3.457672244487521864e-16
4.448320036146936218e+03 4.605578467486024211e-16
4.450322503970449361e+03 4.568293666123362242e-16
4.452324955383206543e+03 5.636276900319469652e-16
4.454327390369265231e+03 3.157434173754795437e-16
4.456329808912683802e+03 3.941766397086030559e-16
4.458332210997519724e+03 4.339682860460115077e-16
4.460334596607831372e+03 4.889098224367800195e-16
4.462336965727674396e+03 3.494186695018460814e-16
4.464339318341108992e+03 4.048704926237858542e-16
4.466341654432191717e+03 4.194626509744337598e-16
4.468343973984979129e+03 4.376232331274643612e-16
4.470346276983530515e+03 4.660647874584781583e-16
4.472348563411903342e+03 5.255233971857817009e-16
4.474350833254154168e+03 3.862728086202602382e-16
4.476353086494341369e+03 4.709718023992967876e-16
4.478355323116523323e+03 5.187225840833537886e-16
4.480357543104756587e+03 4.734313459905889464e-16
4.482359746443098629e+03 4.931298188316098510e-16
4.484361933115608736e+03 4.242269923247540489e-16
4.486364103106343464e+03 4.423606621467888437e-16
4.488366256399360282e+03 4.808160599558167987e-16
4.490368392978716656e+03 4.371692405011992270e-16
4.492370512828471874e+03 5.160140891742610608e-16
4.494372615932681583e+03 4.000181908706743800e-16
4.496374702275405070e+03 4.061938605545779380e-16
4.498376771840698893e+03 4.578796436771693264e-16
4.500378824612620519e+03 3.842664500174692542e-16
4.502380860575229235e+03 4.567203853569913940e-16
4.504382879712581598e+03 3.590352954004110750e-16
4.506384882008735076e+03 4.634118316047288938e-16
4.508386867447747136e+03 3.362450221138152144e-16
4.510388836013677064e+03 4.466937925465017475e-16
4.512390787690580510e+03 5.396221062390737792e-16
4.514392722462516758e+03 3.751558500453167792e-16
4.516394640313542368e+03 3.905279932965890541e-16
4.518396541227715716e+03 2.965316614998244638e-16
4.520398425189094269e+03 4.391146613275774678e-16
4.522400292181734585e+03 4.811993670350643399e-16
4.524402142189695951e+03 4.049080959329174617e-16
4.526403975197035834e+03 4.674874795127763221e-16
4.528405791187811701e+03 2.734336401849503356e-16
4.530407590146080111e+03 4.102810314677977853e-16
4.532409372055899439e+03 2.830666882114468168e-16
4.534411136901328064e+03 5.092796573677022348e-16
4.536412884666423452e+03 4.923289996678842712e-16
4.538414615335243070e+03 3.898047706101458205e-16
4.540416328891844387e+03 3.449717288634341030e-16
4.542418025320284869e+03 3.831254595054267167e-16
4.544419704604622893e+03 3.129015811791166347e-16
4.546421366728915018e+03 4.011781690221928338e-16
4.548423011677219620e+03 2.730189883930997348e-16
4.550424639433595075e+03 4.047509676217163005e-16
4.552426249982097943e+03 4.545141739297910655e-16
4.554427843306786599e+03 3.720309950153090005e-16
4.556429419391717602e+03 4.194012349120347079e-16
4.558430978220950237e+03 5.406769638266901938e-16
4.560432519778541064e+03 4.697747684817269134e-16
4.562434044048548458e+03 4.342695122310395440e-16
4.564435551015028977e+03 4.145390343501643941e-16
4.566437040662040999e+03 4.197430267689632303e-16
4.568438512973642901e+03 4.194186324129640092e-16
4.570439967933891239e+03 3.763072952004264710e-16
4.572441405526844392e+03 5.247067266129105274e-16
4.574442825736558916e+03 5.032829346518153638e-16
4.576444228547094099e+03 3.093442475887765209e-16
4.578445613942505588e+03 3.275278837689888737e-16
4.580446981906853580e+03 3.714831456646375480e-16
4.582448332424193723e+03 5.197462662885011420e-16
4.584449665478585302e+03 4.173256287692907229e-16
4.586450981054083968e+03 4.519675244254936829e-16
4.588452279134749006e+03 4.810754647675899886e-16
4.590453559704636973e+03 6.178084766230378790e-16
4.592454822747806247e+03 4.932001615692790050e-16
4.594456068248315205e+03 5.324088831222491547e-16
4.596457296190220404e+03 4.904229008037937069e-16
4.598458506557579312e+03 5.011731610753286824e-16
4.600459699334451216e+03 4.711423228540725020e-16
4.602460874504891763e+03 4.579890374216672450e-16
4.604462032052959330e+03 5.263768471059118753e-16
4.606463171962712295e+03 3.873721739306233363e-16
4.608464294218207215e+03 4.162212170504221694e-16
4.610465398803502467e+03 2.749026604515811122e-16
4.612466485702656428e+03 3.182059490871946865e-16
4.614467554899725656e+03 4.819072779618529864e-16
4.616468606378767618e+03 4.368068847359323232e-16
4.618469640123840691e+03 4.580954384199824283e-16
4.620470656119002342e+03 4.753835126946841704e-16
4.622471654348310039e+03 5.102319398288326213e-16
4.624472634795822160e+03 4.840274739340801592e-16
4.626473597445594351e+03 3.363162428972691648e-16
4.628474542281687718e+03 5.640680488427818453e-16
4.630475469288157001e+03 3.736781824988458192e-16
4.632476378449060576e+03 4.160564105877566988e-16
4.634477269748456820e+03 4.673858110484264679e-16
4.636478143170403200e+03 4.074106310847096120e-16
4.638478998698957184e+03 3.725028994114028828e-16
4.640479836318176240e+03 4.834725469102370164e-16
4.642480656012117834e+03 6.344317190084815394e-16
4.644481457764841252e+03 4.126967291284998287e-16
4.646482241560401235e+03 4.756383711513222486e-16
4.648483007382857977e+03 4.086009344956347323e-16
4.650483755216268037e+03 4.022146632963920919e-16
4.652484485044689791e+03 4.168613510664256940e-16
4.654485196852180707e+03 4.800906438174601895e-16
4.656485890622798252e+03 3.795328640785935546e-16
4.658486566340598984e+03 3.629304297030940882e-16
4.660487223989642189e+03 3.656554668460429744e-16
4.662487863553985335e+03 4.384328954355153918e-16
4.664488485017685889e+03 3.336846327705620192e-16
4.666489088364800409e+03 5.101634012747628071e-16
4.668489673579388182e+03 3.736584833949939246e-16
4.670490240645506674e+03 6.493663297915799994e-16
4.672490789547213353e+03 4.419068966412605461e-16
4.674491320268564778e+03 4.382744514036476784e-16
4.676491832793619324e+03 4.514062883291384179e-16
4.678492327106435368e+03 4.605200791704395146e-16
4.680492803191069470e+03 2.653715977575843052e-16
4.682493261031580914e+03 3.417515203566473227e-16
4.684493700612025350e+03 4.080931817007566102e-16
4.686494121916462063e+03 4.796253007575540963e-16
4.688494524928947612e+03 4.403765915772770325e-16
4.690494909633540374e+03 5.075905029348863349e-16
4.692495276014298724e+03 4.790009351396631124e-16
4.694495624055278313e+03 4.831448809727248644e-16
4.696495953740537516e+03 3.282319687106229739e-16
4.698496265054134710e+03 4.872312264705017169e-16
4.700496557980127363e+03 3.379257732013200467e-16
4.702496832502572943e+03 4.781607564614804203e-16
4.704497088605529825e+03 5.082638830708816674e-16
4.706497326273054568e+03 4.136523629959809065e-16
4.708497545489204640e+03 4.349942153914997599e-16
4.710497746238039326e+03 5.178130569177383823e-16
4.712497928503615185e+03 5.793245501020261259e-16
4.714498092269989684e+03 4.590369261409752041e-16
4.716498237521221199e+03 4.059214630441512038e-16
4.718498364241366289e+03 6.124738074898038501e-16
4.720498472414484240e+03 3.108855531928702111e-16
4.722498562024632520e+03 4.029560304646066995e-16
4.724498633055866776e+03 5.104187123707090051e-16
4.726498685492246295e+03 3.396795158907379209e-16
4.728498719317829455e+03 1.484931712226363074e-16
4.730498734516671902e+03 3.875472759452996687e-16
4.732498731072832925e+03 4.982419469545932362e-16
4.734498708970369989e+03 5.182468664792479709e-16
4.736498668193339654e+03 4.598730922635701544e-16
4.738498608725800295e+03 3.075721603786150162e-16
4.740498530551810290e+03 3.464271766126698341e-16
4.742498433655426197e+03 3.981283312740537765e-16
4.744498318020706392e+03 3.262812884376601520e-16
4.746498183631708343e+03 4.410378771973294055e-16
4.748498030472489518e+03 4.144625256830164525e-16
4.750497858527107383e+03 3.585942896462260499e-16
4.752497667779621224e+03 2.764168799647364214e-16
4.754497458214085782e+03 3.209323278364388672e-16
4.756497229814562161e+03 5.203418042906421347e-16
4.758496982565105100e+03 2.053499986078253485e-16
4.760496716449773885e+03 2.861820459849946274e-16
4.762496431452625075e+03 4.031474861647082232e-16
4.764496127557717045e+03 3.712621709094960251e-16
4.766495804749108174e+03 3.904716718625912744e-16
4.768495463010855019e+03 3.663784259485300375e-16
4.770495102327015047e+03 3.070994474799596311e-16
4.772494722681647545e+03 3.232186966388522124e-16
4.774494324058809070e+03 3.262976607572870179e-16
4.776493906442556181e+03 3.716853179828566679e-16
4.778493469816949073e+03 3.712944230638406068e-16
4.780493014166043395e+03 3.940113098288664653e-16
4.782492539473897523e+03 4.533869730414183234e-16
4.784492045724568925e+03 1.572118817189670611e-16
4.786491532902115068e+03 3.687168755378411000e-16
4.788491000990595239e+03 4.255523157810631728e-16
4.790490449974065086e+03 2.781276833748619969e-16
4.792489879836582986e+03 4.208508744533909969e-16
4.794489290562206406e+03 3.977284211391727780e-16
4.796488682134993724e+03 2.654931744322758587e-16
4.798488054539002405e+03 3.899646092304718454e-16
4.800487407758289010e+03 3.268091070090244529e-16
4.802486741776912822e+03 3.375397664652160470e-16
4.804486056578930402e+03 3.910543842315393468e-16
4.806485352148400125e+03 2.589302851366258246e-16
4.808484628469378549e+03 3.460719253953650253e-16
4.810483885525924052e+03 2.796739499240536444e-16
4.812483123302095009e+03 3.172657697719379936e-16
4.814482341781947980e+03 4.150315892145210114e-16
4.816481540949541341e+03 2.749128218069702615e-16
4.818480720788932558e+03 3.229312613695114147e-16
4.820479881284179100e+03 1.213228001862733370e-16
4.822479022419339344e+03 3.675605543558598676e-16
4.824478144178469847e+03 3.973557006760048343e-16
4.826477246545628986e+03 3.068807510706782905e-16
4.828476329504874229e+03 3.207869742944959406e-16
4.830475393040263043e+03 3.819737465504809038e-16
4.832474437135853805e+03 3.768363531885837092e-16
4.834473461775703072e+03 4.152583330166010663e-16
4.836472466943870131e+03 4.440611552207035604e-16
4.838471452624410631e+03 3.648597485658937411e-16
4.840470418801383857e+03 3.647245726114917364e-16
4.842469365458846369e+03 2.755320533416649741e-16
4.844468292580857451e+03 3.591747226239047203e-16
4.846467200151472753e+03 3.118869338375280967e-16
4.848466088154751560e+03 2.393940674341330610e-16
4.850464956574750431e+03 3.930475407083443833e-16
4.852463805395527743e+03 3.009694810481478812e-16
4.854462634601140962e+03 3.100671474562445957e-16
4.856461444175647557e+03 3.961120718813587249e-16
4.858460234103104995e+03 4.474009238548759650e-16
4.860459004367571652e+03 3.034557735032396509e-16
4.862457754953104086e+03 2.603775279924919316e-16
4.864456485843762493e+03 3.106797203423421177e-16
4.866455197023601613e+03 2.946849618302493822e-16
4.868453888476679822e+03 5.469550881324966577e-16
4.870452560187055496e+03 2.847637906715059382e-16
4.872451212138786104e+03 5.384658960219388338e-16
4.874449844315930022e+03 4.009358672998487493e-16
4.876448456702542899e+03 3.990065430626241079e-16
4.878447049282684929e+03 3.084501339823368802e-16
4.880445622040411763e+03 3.242675520009874848e-16
4.882444174959781776e+03 3.334220259702083745e-16
4.884442708024852436e+03 3.919491951674390165e-16
4.886441221219682120e+03 3.821303737718582912e-16
4.888439714528328295e+03 2.642014718722933837e-16
4.890438187934847520e+03 3.317121827634276468e-16
4.892436641423299079e+03 3.760505504126913662e-16
4.894435074977738623e+03 3.986078851063226420e-16
4.896433488582226346e+03 3.954140629566097098e-16
4.898431882220818807e+03 4.022392166054325197e-16
4.900430255877572563e+03 2.209457575074204404e-16
4.902428609536546901e+03 4.576980659865668776e-16
4.904426943181798379e+03 3.054741269376718516e-16
4.906425256797385373e+03 3.956723707317632470e-16
4.908423550367365351e+03 4.386075586152347870e-16
4.910421823875795781e+03 4.487721060048705541e-16
4.912420077306734129e+03 3.136572884217228784e-16
4.914418310644238773e+03 2.862971598017662127e-16
4.916416523872367179e+03 3.437736049873446543e-16
4.918414716975175907e+03 3.711386635168903659e-16
4.920412889936724241e+03 4.221618359438218874e-16
4.922411042741068741e+03 5.121088777134489562e-16
4.924409175372268692e+03 3.224043882022229465e-16
4.926407287814379742e+03 4.121610695709172845e-16
4.928405380051460270e+03 3.063808582615454172e-16
4.930403452067568651e+03 3.536196781610428319e-16
4.932401503846760534e+03 3.987426286874067140e-16
4.934399535373097024e+03 4.177543657729500117e-16
4.936397546630632860e+03 3.548382479741539518e-16
4.938395537603426419e+03 2.326868699634719062e-16
4.940393508275535169e+03 3.977022335469250417e-16
4.942391458631018395e+03 3.873640247673065062e-16
4.944389388653931746e+03 2.832099985903304815e-16
4.946387298328333600e+03 3.499010625333549934e-16
4.948385187638282332e+03 3.045083906327111507e-16
4.950383056567834501e+03 3.955840085637199919e-16
4.952380905101048484e+03 2.268968556425104176e-16
4.954378733221981747e+03 4.124188594216040410e-16
4.956376540914692669e+03 3.121780895469269343e-16
4.958374328163237806e+03 2.918467314877742594e-16
4.960372094951675535e+03 3.178324930410460444e-16
4.962369841264062416e+03 4.586889916878533493e-16
4.964367567084457733e+03 4.082867653001443820e-16
4.966365272396917135e+03 3.270911134398403558e-16
4.968362957185500818e+03 2.961310884828338080e-16
4.970360621434265340e+03 3.083662774695208298e-16
4.972358265127267259e+03 3.251492812679729625e-16
4.974355888248564952e+03 2.964111907415049946e-16
4.976353490782217705e+03 2.964061985631464740e-16
4.978351072712280256e+03 3.096109854280150580e-16
4.980348634022812803e+03 3.479415984219620018e-16
4.982346174697871902e+03 3.824126194386398817e-16
4.984343694721515021e+03 2.039398077234589048e-16
4.986341194077800537e+03 3.851540552850883323e-16
4.988338672750784099e+03 3.477929793389748752e-16
4.990336130724526811e+03 1.119889548827475975e-16
4.992333567983084322e+03 3.783657498957024801e-16
4.994330984510514099e+03 2.754158410756192952e-16
4.996328380290874520e+03 3.488800979143447465e-16
4.998325755308223052e+03 2.222310338037035553e-16
5.000323109546617161e+03 3.327990523221022784e-16
5.002320442990114316e+03 2.232486806050885293e-16
5.004317755622772893e+03 4.142915747878436845e-16
5.006315047428649450e+03 3.264938255201895811e-16
5.008312318391803274e+03 1.875976670572801492e-16
5.010309568496290922e+03 3.598749517837849642e-16
5.012306797726169862e+03 3.521071476707723989e-16
5.014304006065498470e+03 3.024678901103562642e-16
5.016301193498334214e+03 3.478132875639044635e-16
5.018298360008734562e+03 2.952938197241593174e-16
5.020295505580756981e+03 3.661344041881178568e-16
5.022292630198459847e+03 2.000853666307750576e-16
5.024289733845900628e+03 2.821200240518767382e-16
5.026286816507135882e+03 2.742433027122566267e-16
5.028283878166224895e+03 2.126091885372706562e-16
5.030280918807224225e+03 3.520281716249507227e-16
5.032277938414192249e+03 3.810559422421470221e-16
5.034274936971187344e+03 3.124324602794055409e-16
5.036271914462264249e+03 3.502112083171019329e-16
5.038268870871484069e+03 2.063355000381224062e-16
5.040265806182902452e+03 3.417323414413990592e-16
5.042262720380576866e+03 3.094929501964257613e-16
5.044259613448566597e+03 4.388928976084138833e-16
5.046256485370928203e+03 2.808153950815103708e-16
5.048253336131720062e+03 2.103978197625622108e-16
5.050250165714998730e+03 1.552369618729433300e-16
5.052246974104822584e+03 4.347866136270046327e-16
5.054243761285249093e+03 1.692364942038246580e-16
5.056240527240335723e+03 3.699725207565369495e-16
5.058237271954140851e+03 3.623611595842249666e-16
5.060233995410721946e+03 2.331615475156364002e-16
5.062230697594135563e+03 2.871777378485232124e-16
5.064227378488441900e+03 2.675067819195222444e-16
5.066224038077695695e+03 2.145032263769298354e-16
5.068220676345956235e+03 2.759345457504696572e-16
5.070217293277280987e+03 3.180746649498621778e-16
5.072213888855727419e+03 2.756688944256941765e-16
5.074210463065352997e+03 2.823248006106455357e-16
5.076207015890216098e+03 3.219676613455067594e-16
5.078203547314374191e+03 2.603698446846569028e-16
5.080200057321884742e+03 1.973636118785842948e-16
5.082196545896804309e+03 2.572993196596256336e-16
5.084193013023193089e+03 2.261937414084891079e-16
5.086189458685106729e+03 2.322918230003086921e-16
5.088185882866603606e+03 4.612573584214498925e-16
5.090182285551740279e+03 4.570978090506464010e-16
5.092178666724576942e+03 3.527711147668526107e-16
5.094175026369169245e+03 4.469110714368758265e-16
5.096171364469575565e+03 3.221611680717982636e-16
5.098167681009852458e+03 2.541824268086137827e-16
5.100163975974059213e+03 2.454462860566578370e-16
5.102160249346252385e+03 3.751955454615063845e-16
5.104156501110490353e+03 4.842183843197034167e-16
5.106152731250830584e+03 4.621684371932676671e-16
5.108148939751330545e+03 3.876092506837049461e-16
5.110145126596047703e+03 3.433048170144411714e-16
5.112141291769040436e+03 3.624682278569761994e-16
5.114137435254366210e+03 2.879007612227232264e-16
5.116133557036081584e+03 1.239880519033012230e-16
5.118129657098244934e+03 4.263493728447897337e-16
5.120125735424915547e+03 3.715106612023372956e-16
5.122121792000149071e+03 4.116731733816142461e-16
5.124117826808003883e+03 2.472765337019554420e-16
5.126113839832536542e+03 3.400354388016315697e-16
5.128109831057807241e+03 2.865669243281468903e-16
5.130105800467870722e+03 4.725861560131056179e-16
5.132101748046787179e+03 3.109515999583123121e-16
5.134097673778612261e+03 3.854738581340003366e-16
5.136093577647405255e+03 2.086643942299479251e-16
5.138089459637221807e+03 3.792014486844864964e-16
5.140085319732123025e+03 3.318664282542242012e-16
5.142081157916162738e+03 3.252430357359092396e-16
5.144076974173401140e+03 3.500255810536259922e-16
5.146072768487894791e+03 3.738199506990413379e-16
5.148068540843701157e+03 1.779049342633949081e-16
5.150064291224878616e+03 2.189557895261621982e-16
5.152060019615484634e+03 3.890584850593237027e-16
5.154055725999577589e+03 1.828468553644026372e-16
5.156051410361214039e+03 2.786207267495686968e-16
5.158047072684452360e+03 2.931010102863526979e-16
5.160042712953349110e+03 3.956944372709221554e-16
5.162038331151963575e+03 2.782045748845481644e-16
5.164033927264352315e+03 2.936751422016752472e-16
5.166029501274571885e+03 3.146328015310850790e-16
5.168025053166683392e+03 2.475341918410172878e-16
5.170020582924741575e+03 2.199785925940883612e-16
5.172016090532804810e+03 3.239945809309772825e-16
5.174011575974931475e+03 5.115179515821756713e-16
5.176007039235178127e+03 2.920536026921980462e-16
5.178002480297603142e+03 4.688841480035974436e-16
5.179997899146264899e+03 2.458243549790527095e-16
5.181993295765219045e+03 2.568205162936219430e-16
5.183988670138525777e+03 1.623124320081236054e-16
5.185984022250239832e+03 3.261468238619026454e-16
5.187979352084421407e+03 4.229090996410975917e-16
5.189974659625127060e+03 3.027446227797949813e-16
5.191969944856415168e+03 1.911343240757129489e-16
5.193965207762341379e+03 2.814320725166356380e-16
5.195960448326966798e+03 3.380663571248318091e-16
5.197955666534345255e+03 3.404805236471630245e-16
5.199950862368537855e+03 2.252885208904610412e-16
5.201946035813600247e+03 3.304067875955531095e-16
5.203941186853589898e+03 3.991492245003550556e-16
5.205936315472565184e+03 2.356555613522241241e-16
5.207931421654584483e+03 2.218519092254181645e-16
5.209926505383705262e+03 2.939088166195646629e-16
5.211921566643984079e+03 3.920317682569357137e-16
5.213916605419479311e+03 2.668605270775888633e-16
5.215911621694247515e+03 3.365880051945597498e-16
5.217906615452347978e+03 3.808190875544919082e-16
5.219901586677837258e+03 4.520060620166553994e-16
5.221896535354774642e+03 4.701061908370821545e-16
5.223891461467215777e+03 2.430604045058333951e-16
5.225886364999219950e+03 3.982428212225500302e-16
5.227881245934842809e+03 3.844855202790013962e-16
5.229876104258144551e+03 3.339259800618815219e-16
5.231870939953181733e+03 2.786791482996029523e-16
5.233865753004010912e+03 2.470578901089066365e-16
5.235860543394690467e+03 3.706424456697930971e-16
5.237855311109279683e+03 3.392890240256520757e-16
5.239850056131834208e+03 2.992750960112598743e-16
5.241844778446412420e+03 3.494314496553702628e-16
5.243839478037071785e+03 2.339612950507778651e-16
5.245834154887870682e+03 4.113593140589845577e-16
5.247828808982865667e+03 3.424922453936053632e-16
5.249823440306114207e+03 4.857212463615731383e-16
5.251818048841676500e+03 1.907737589955016295e-16
5.253812634573607284e+03 2.388667224781412291e-16
5.255807197485965844e+03 2.782552843039046213e-16
5.257801737562809649e+03 3.562582618472763336e-16
5.259796254788196165e+03 2.703078091340519012e-16
5.261790749146181952e+03 2.861317489572376625e-16
5.263785220620826294e+03 2.855922776686158693e-16
5.265779669196186660e+03 3.216023796238582078e-16
5.267774094856320517e+03 2.181582683228127098e-16
5.269768497585284422e+03 4.323985102880587792e-16
5.271762877367138572e+03 3.147064677807709642e-16
5.273757234185937705e+03 2.441898329614954729e-16
5.275751568025741108e+03 4.788164236888327227e-16
5.277745878870606248e+03 2.553805930150238777e-16
5.279740166704590592e+03 1.794725216257755933e-16
5.281734431511752518e+03 3.046864708709084263e-16
5.283728673276149493e+03 4.748010784752333837e-16
5.285722891981837165e+03 4.059586996428040100e-16
5.287717087612876639e+03 2.847466098893759263e-16
5.289711260153322655e+03 3.032527287166235406e-16
5.291705409587235408e+03 2.645471151433125147e-16
5.293699535898669637e+03 3.768788361938188400e-16
5.295693639071685539e+03 3.951332549832053771e-16
5.297687719090339669e+03 3.991611316890627286e-16
5.299681775938690407e+03 4.663682473531091131e-16
5.301675809600794310e+03 3.115292593451401759e-16
5.303669820060708844e+03 2.903670042134810451e-16
5.305663807302493296e+03 3.289939437154531948e-16
5.307657771310205135e+03 4.542310248732605223e-16
5.309651712067900007e+03 4.508169981711964293e-16
5.311645629559638110e+03 4.746748103856213432e-16
5.313639523769474181e+03 4.494960080266767082e-16
5.315633394681469326e+03 4.925755614448932335e-16
5.317627242279679194e+03 4.494686198882853019e-16
5.319621066548161252e+03 3.715536725822717062e-16
5.321614867470974787e+03 2.861180488383312791e-16
5.323608645032174536e+03 5.474608329286763575e-16
5.325602399215822516e+03 4.479332060594827727e-16
5.327596130005971645e+03 4.302426003849410881e-16
5.329589837386683939e+03 3.683205159796518391e-16
5.331583521342014137e+03 5.251614794880131677e-16
5.333577181856019706e+03 4.986740271375349211e-16
5.335570818912759933e+03 5.027420384321746351e-16
5.337564432496292284e+03 4.550662284433914653e-16
5.339558022590674227e+03 3.797502291698609281e-16
5.341551589179963230e+03 3.965996240827988644e-16
5.343545132248216760e+03 4.238436586528856338e-16
5.345538651779492284e+03 4.703834720783829643e-16
5.347532147757849089e+03 3.911919078089867626e-16
5.349525620167343732e+03 5.036766569432729950e-16
5.351519068992032771e+03 4.862351739727153225e-16
5.353512494215974584e+03 3.726680208855667825e-16
5.355505895823228457e+03 2.841393489987420796e-16
5.357499273797850037e+03 3.812742591435410152e-16
5.359492628123898612e+03 4.587774678110438066e-16
5.361485958785429830e+03 3.472893182242397308e-16
5.363479265766502976e+03 3.099931946636427764e-16
5.365472549051175520e+03 2.861761149567184633e-16
5.367465808623504927e+03 2.814304569953181857e-16
5.369459044467548665e+03 4.282551303566544385e-16
5.371452256567363293e+03 2.779537748675591987e-16
5.373445444907009005e+03 4.719187320398855530e-16
5.375438609470542360e+03 2.091151559677607472e-16
5.377431750242019916e+03 5.300763691328117050e-16
5.379424867205501869e+03 3.905332033268900876e-16
5.381417960345042957e+03 4.092180852928985036e-16
5.383411029644703376e+03 4.184787878180005983e-16
5.385404075088537866e+03 4.087006852341399710e-16
5.387397096660607531e+03 1.733178487302674500e-16
5.389390094344968020e+03 3.441004564474037414e-16
5.391383068125676800e+03 2.703664035558176480e-16
5.393376017986791339e+03 4.034244528241218863e-16
5.395368943912371833e+03 3.349704510189263366e-16
5.397361845886473020e+03 3.050406411544919255e-16
5.399354723893154187e+03 3.306438020838985427e-16
5.401347577916471892e+03 4.481497880425029319e-16
5.403340407940484511e+03 4.159259802280294842e-16
5.405333213949250421e+03 3.220335856524150109e-16
5.407325995926827090e+03 3.451339759237944030e-16
5.409318753857270167e+03 3.853374826423531310e-16
5.411311487724638937e+03 2.259785058076257356e-16
5.413304197512991777e+03 3.165453430398734149e-16
5.415296883206385246e+03 3.442371603413780946e-16
5.417289544788876810e+03 2.084808933241458396e-16
5.419282182244523938e+03 3.411861553201567139e-16
5.421274795557386824e+03 3.317088821396749864e-16
5.423267384711520208e+03 4.015699328962465561e-16
5.425259949690982467e+03 4.094814001519667999e-16
5.427252490479831977e+03 4.496279249964783772e-16
5.429245007062125296e+03 3.574875505313747970e-16
5.431237499421921711e+03 1.830199481648919302e-16
5.433229967543276871e+03 2.488019697348472938e-16
5.435222411410251880e+03 3.989899193024583880e-16
5.437214831006900567e+03 3.869587356756558762e-16
5.439207226317282220e+03 3.265163601038516087e-16
5.441199597325454306e+03 3.921154465808953302e-16
5.443191944015474292e+03 2.560836407125002516e-16
5.445184266371401463e+03 2.787047351095751050e-16
5.447176564377290561e+03 2.412969577232434472e-16
5.449168838017201779e+03 3.114865420438282051e-16
5.451161087275192585e+03 1.961756590603211735e-16
5.453153312135319538e+03 4.117792352094164367e-16
5.455145512581640105e+03 2.928454056582308688e-16
5.457137688598213572e+03 2.987992157644571354e-16
5.459129840169095587e+03 1.690304277185242865e-16
5.461121967278345437e+03 3.575643957779046466e-16
5.463114069910019680e+03 2.337415414017580498e-16
5.465106148048176692e+03 2.867108968515641898e-16
5.467098201676874851e+03 2.600532616419915509e-16
5.469090230780169804e+03 3.413428544411043446e-16
5.471082235342120839e+03 3.058857165839839945e-16
5.473074215346785422e+03 3.267833020472742095e-16
5.475066170778220112e+03 1.472736466459965723e-16
5.477058101620484194e+03 2.674757031740729605e-16
5.479050007857634228e+03 2.562849180239004218e-16
5.481041889473728588e+03 3.773380159827971292e-16
5.483033746452823834e+03 3.112436961799431661e-16
5.485025578778979252e+03 2.187535577963644715e-16
5.487017386436251400e+03 3.793076174562428515e-16
5.489009169408696835e+03 2.875830623771254692e-16
5.491000927680375753e+03 2.147860633881517749e-16
5.492992661235344713e+03 1.878556589376952552e-16
5.494984370057662090e+03 3.843804858959394621e-16
5.496976054131382625e+03 2.076226563858208192e-16
5.498967713440568332e+03 3.589292819896009080e-16
5.500959347969273040e+03 1.975661306012696639e-16
5.502950957701556035e+03 3.711994202018117244e-16
5.504942542621476605e+03 3.174435958717865854e-16
5.506934102713089487e+03 2.588240344383651008e-16
5.508925637960453969e+03 3.002236946684465446e-16
5.510917148347627517e+03 3.235374461501855715e-16
5.512908633858667599e+03 2.940191902284631812e-16
5.514900094477632592e+03 3.228032508947858402e-16
5.516891530188579054e+03 3.717492719664297273e-16
5.518882940975564452e+03 1.650533730832284089e-16
5.520874326822648072e+03 2.706686955179061234e-16
5.522865687713886473e+03 1.652323855547028192e-16
5.524857023633338031e+03 3.337792675214570226e-16
5.526848334565059304e+03 2.784163889994032616e-16
5.528839620493108669e+03 2.268051360433836418e-16
5.530830881401543593e+03 2.141374337089417702e-16
5.532822117274421544e+03 2.014652176379229331e-16
5.534813328095800898e+03 1.499810190327963916e-16
5.536804513849740033e+03 2.373462733913897801e-16
5.538795674520293687e+03 1.752746392465771810e-16
5.540786810091522966e+03 2.947057005142895798e-16
5.542777920547482609e+03 3.011258363659639676e-16
5.544769005872232810e+03 2.561293848330787532e-16
5.546760066049828310e+03 2.855976194389574708e-16
5.548751101064330214e+03 3.248462360060975007e-16
5.550742110899793261e+03 3.430217801397334225e-16
5.552733095540277645e+03 3.489562558506059734e-16
5.554724054969839017e+03 3.818890503124746603e-16
5.556714989172534843e+03 1.378664044211973132e-16
5.558705898132425318e+03 4.279099821406756214e-16
5.560696781833565183e+03 2.705528023211865484e-16
5.562687640260013723e+03 2.929491517471460712e-16
5.564678473395829315e+03 3.180167125479636688e-16
5.566669281225067607e+03 1.072714007317942735e-16
5.568660063731787886e+03 1.460902189298782167e-16
5.570650820900047620e+03 1.605264743248387372e-16
5.572641552713902456e+03 1.209534823091016141e-16
5.574632259157412591e+03 2.299424529324110457e-16
5.576622940214634582e+03 2.427289755564700152e-16
5.578613595869626806e+03 2.433328316383327401e-16
5.580604226106446731e+03 3.088979788890973480e-16
5.582594830909150915e+03 1.545892564640585892e-16
5.584585410261797733e+03 3.042708101878073837e-16
5.586575964148445564e+03 3.560781584491164659e-16
5.588566492553150965e+03 4.926456937076977427e-16
5.590556995459972313e+03 4.087264080538121005e-16
5.592547472852967985e+03 2.850040876793994932e-16
5.594537924716192720e+03 2.335539081917590354e-16
5.596528351033708532e+03 2.766948001126035726e-16
5.598518751789569251e+03 2.771346825525416603e-16
5.600509126967834163e+03 2.881510618575762463e-16
5.602499476552560736e+03 2.607986731621796652e-16
5.604489800527808256e+03 1.705461584840482976e-16
5.606480098877630553e+03 2.046287031175193512e-16
5.608470371586088731e+03 2.175936717891604025e-16
5.610460618637240259e+03 3.434078314675301094e-16
5.612450840015140784e+03 1.746470765592676639e-16
5.614441035703848684e+03 2.045795501349680073e-16
5.616431205687422334e+03 3.372891391887890493e-16
5.618421349949920113e+03 2.010325471192919994e-16
5.620411468475397669e+03 3.300631007757747056e-16
5.622401561247914287e+03 2.921469730035915722e-16
5.624391628251526527e+03 2.544334742010823905e-16
5.626381669470292763e+03 3.242152285245456654e-16
5.628371684888270465e+03 3.485784935522924369e-16
5.630361674489517100e+03 3.039510368065829313e-16
5.632351638258091043e+03 1.031758773198012035e-16
5.634341576178048854e+03 3.331517502826126047e-16
5.636331488233448908e+03 2.520745832402711017e-16
5.638321374408348674e+03 3.003572131158865586e-16
5.640311234686805619e+03 2.095294566889664569e-16
5.642301069052879029e+03 2.942748819653864557e-16
5.644290877490624553e+03 2.217618507528975654e-16
5.646280659984100566e+03 1.897563341927412513e-16
5.648270416517364538e+03 1.801880291396428905e-16
5.650260147074473934e+03 1.650904023282257479e-16
5.652249851639488043e+03 2.123762819975582099e-16
5.654239530196462511e+03 3.115760571807171731e-16
5.656229182729455715e+03 1.327099665515646839e-16
5.658218809222525124e+03 2.604220214625129455e-16
5.660208409659729114e+03 3.339824207517488589e-16
5.662197984025124242e+03 2.405664329378962287e-16
5.664187532302770705e+03 2.658658212384233500e-16
5.666177054476722333e+03 2.532393438943591977e-16
5.668166550531039320e+03 1.299784466175491817e-16
5.670156020449780044e+03 3.668924544923267241e-16
5.672145464216999244e+03 2.799316875970819431e-16
5.674134881816757115e+03 3.274884821409807243e-16
5.676124273233110216e+03 3.072585156389614657e-16
5.678113638450116923e+03 4.101075926001944184e-16
5.680102977451834704e+03 3.219652953913077889e-16
5.682092290222321026e+03 2.342712114108778153e-16
5.684081576745633356e+03 3.759600125022232044e-16
5.686070837005829162e+03 2.202425844092420197e-16
5.688060070986966821e+03 1.681970607043785502e-16
5.690049278673102890e+03 2.423924818782189737e-16
5.692038460048297566e+03 2.408060478433667801e-16
5.694027615096605587e+03 2.516702089686747250e-16
5.696016743802085330e+03 2.623675431507034649e-16
5.698005846148795172e+03 3.036395559580067062e-16
5.699994922120793490e+03 3.013550679975063028e-16
5.701983971702136841e+03 1.573573385188531722e-16
5.703972994876881785e+03 2.940384762705482682e-16
5.705961991629088516e+03 3.287033580584413732e-16
5.707950961942813592e+03 2.889359364677862134e-16
5.709939905802113572e+03 1.488462978501884893e-16
5.711928823191047741e+03 1.563861799720593953e-16
5.713917714093673567e+03 1.188522789175800960e-16
5.715906578494046698e+03 2.795118714686926432e-16
5.717895416376228241e+03 8.991011920261704886e-17
5.719884227724272932e+03 2.898299700957478677e-16
5.721873012522240060e+03 1.621025968032842972e-16
5.723861770754187091e+03 2.054574076542443833e-16
5.725850502404170584e+03 2.855330122075707190e-16
5.727839207456248914e+03 2.996843956218728743e-16
5.729827885894480460e+03 2.856918590906495887e-16
5.731816537702921778e+03 2.408577511960575865e-16
5.733805162865630336e+03 2.743008406383784761e-16
5.735793761366665422e+03 4.287139509934153950e-16
5.737782333190084501e+03 2.039573785667056972e-16
5.739770878319943222e+03 3.131976806635552461e-16
5.741759396740300872e+03 3.742138990943054504e-16
5.743747888435214918e+03 3.120135087396518951e-16
5.745736353388742828e+03 3.448456106517631654e-16
5.747724791584942977e+03 2.581198200799830749e-16
5.749713203007871925e+03 2.951678638456985033e-16
5.751701587641587139e+03 2.402031610477412024e-16
5.753689945470147904e+03 2.265240732528676840e-16
5.755678276477610780e+03 3.354838335856503759e-16
5.757666580648033232e+03 2.408105110898990216e-16
5.759654857965473639e+03 1.428266194716411929e-16
5.761643108413989466e+03 1.816583842763542972e-16
5.763631331977637274e+03 1.556584574168077946e-16
5.765619528640476346e+03 2.912367475031863760e-16
5.767607698386564152e+03 2.438458225279734722e-16
5.769595841199957249e+03 1.379732724938746470e-16
5.771583957064714014e+03 2.996539597314144813e-16
5.773572045964892823e+03 3.397771919323884810e-16
5.775560107884550234e+03 2.967864126051835495e-16
5.777548142807743716e+03 1.930024697585098365e-16
5.779536150718531644e+03 2.984897707815772408e-16
5.781524131600972396e+03 2.098908458185179736e-16
5.783512085439122529e+03 1.395557343663830728e-16
5.785500012217039512e+03 2.848040376915686349e-16
5.787487911918780810e+03 1.694083933432224631e-16
5.789475784528406621e+03 2.159385586097374028e-16
5.791463630029971682e+03 2.460219291343816958e-16
5.793451448407534372e+03 2.860329219489661149e-16
5.795439239645153066e+03 3.661835957415428684e-16
5.797427003726885232e+03 2.371751016755220098e-16
5.799414740636788338e+03 1.235371946442928990e-16
5.801402450358920760e+03 3.288313971626495558e-16
5.803390132877338146e+03 1.869248943569516953e-16
5.805377788176100694e+03 2.219661137795721721e-16
5.807365416239264960e+03 3.236831657000800219e-16
5.809353017050887502e+03 2.712609547063706077e-16
5.811340590595027606e+03 2.667793198055819190e-16
5.813328136855742741e+03 1.968017116774752695e-16
5.815315655817089464e+03 3.377252444595762287e-16
5.817303147463126152e+03 3.452167584272704548e-16
5.819290611777912090e+03 2.403037293672580194e-16
5.821278048745502019e+03 1.789967117392595948e-16
5.823265458349955225e+03 3.016497642321043293e-16
5.825252840575329174e+03 9.880575349209144027e-17
5.827240195405682243e+03 2.335124672672830466e-16
5.829227522825070992e+03 1.958883913600833283e-16
5.831214822817551976e+03 2.099367631407613487e-16
5.833202095367186303e+03 2.296697411868104073e-16
5.835189340458028710e+03 3.070864086559041113e-16
5.837176558074137574e+03 3.571812494900918871e-16
5.839163748199571273e+03 2.924117424106429982e-16
5.841150910818387274e+03 2.398802549967446357e-16
5.843138045914642134e+03 4.437641987586233541e-16
5.845125153472395141e+03 3.872656937887411227e-16
5.847112233475703761e+03 2.340338449444242823e-16
5.849099285908623642e+03 4.111045222852343823e-16
5.851086310755214981e+03 4.613033311568535855e-16
5.853073307999534336e+03 2.822603384510439169e-16
5.855060277625639173e+03 2.817387803403151778e-16
5.857047219617586961e+03 9.004469332234257593e-17
5.859034133959436076e+03 7.107188675101317317e-17
5.861021020635243985e+03 3.166415104467161319e-16
5.863007879629069066e+03 4.692344967572078944e-16
5.864994710924966967e+03 3.180137008709745599e-16
5.866981514506996973e+03 2.391040835579552486e-16
5.868968290359216553e+03 2.483484008059161023e-16
5.870955038465683174e+03 5.168001894471211169e-16
5.872941758810455212e+03 2.132279756383649164e-16
5.874928451377589226e+03 4.473452589098324170e-16
5.876915116151143593e+03 1.212983615734505904e-16
5.878901753115174870e+03 1.555809024270958821e-16
5.880888362253742343e+03 2.646274743886753317e-16
5.882874943550903481e+03 2.823311342581654473e-16
5.884861496990713931e+03 2.866235832513899206e-16
5.886848022557232980e+03 2.935577250777115722e-16
5.888834520234519005e+03 2.415008586135278748e-16
5.890820990006628563e+03 2.533565420056502265e-16
5.892807431857620031e+03 2.012001513240399877e-16
5.894793845771549059e+03 4.457718990448832046e-16
5.896780231732476750e+03 2.802250608664197588e-16
5.898766589724457845e+03 2.667086063384083847e-16
5.900752919731550719e+03 2.146453402831212895e-16
5.902739221737813750e+03 3.009245547459015276e-16
5.904725495727305315e+03 2.533792522564659417e-16
5.906711741684081062e+03 3.846141681750266407e-16
5.908697959592198458e+03 3.412895053131598924e-16
5.910684149435717700e+03 2.500058413421598124e-16
5.912670311198695345e+03 2.853956481502263002e-16
5.914656444865187950e+03 2.826949060787323994e-16
5.916642550419254803e+03 3.288115066846962180e-16
5.918628627844952462e+03 2.981917402887005616e-16
5.920614677126338393e+03 1.777727647959160855e-16
5.922600698247471882e+03 1.940492273553502576e-16
5.924586691192409489e+03 2.048094414876898266e-16
5.926572655945207771e+03 2.481898657788281925e-16
5.928558592489926014e+03 1.700759278212515127e-16
5.930544500810621685e+03 1.538466644333155902e-16
5.932530380891352252e+03 2.957823408931081529e-16
5.934516232716175182e+03 1.809024230837535187e-16
5.936502056269147943e+03 1.487369317106850187e-16
5.938487851534328911e+03 2.810430884404841753e-16
5.940473618495774645e+03 1.745418830014784372e-16
5.942459357137544430e+03 2.711121181950427575e-16
5.944445067443694825e+03 3.716819003671031374e-16
5.946430749398283297e+03 2.524283226686478593e-16
5.948416402985369132e+03 2.598511378847919177e-16
5.950402028189007979e+03 2.788770794257951391e-16
5.952387624993258214e+03 3.866564909929085017e-16
5.954373193382178215e+03 2.604749768974676574e-16
5.956358733339824539e+03 1.155648970186585515e-16
5.958344244850255564e+03 2.379167641130264616e-16
5.960329727897529665e+03 3.090860417150030164e-16
5.962315182465701582e+03 9.910001693501811043e-17
5.964300608538832421e+03 3.226909490127445708e-16
5.966286006100978739e+03 3.198659388143098644e-16
5.968271375136197094e+03 2.610470770975232208e-16
5.970256715628545862e+03 1.521669588787635675e-16
5.972242027562084331e+03 1.817065879777957165e-16
5.974227310920867239e+03 2.693854415777785668e-16
5.976212565688954783e+03 3.192737441623128699e-16
5.978197791850402609e+03 2.329367643186958273e-16
5.980182989389269096e+03 3.106429095721755109e-16
5.982168158289612620e+03 2.891030004614002630e-16
5.984153298535491558e+03 2.630302014338140273e-16
5.986138410110959740e+03 2.158307709649319555e-16
5.988123493000080089e+03 2.681533891385792840e-16
5.990108547186906435e+03 2.469390865627894055e-16
5.992093572655498065e+03 2.313581234549857618e-16
5.994078569389911536e+03 4.225921276711811809e-16
5.996063537374206135e+03 2.475423431040641713e-16
5.998048476592438419e+03 3.154487700586687223e-16
6.000033387028665857e+03 2.633010776391186401e-16
6.002018268666946824e+03 1.865553906281199053e-16
6.004003121491338788e+03 3.489814679868790686e-16
6.005987945485900127e+03 2.466281901160540182e-16
6.007972740634686488e+03 2.504509172729132141e-16
6.009957506921757158e+03 3.496369477759621371e-16
6.011942244331168695e+03 1.086035799298971370e-16
6.013926952846981294e+03 3.074221045146016474e-16
6.015911632453249695e+03 2.695883380242108038e-16
6.017896283134032274e+03 2.035932129618732128e-16
6.019880904873387408e+03 3.510971859003932546e-16
6.021865497655372565e+03 2.072933018714592807e-16
6.023850061464045211e+03 2.363149435457995440e-16
6.025834596283463725e+03 1.101261936531604921e-16
6.027819102097684663e+03 2.245154193962199976e-16
6.029803578890765493e+03 3.005668558676755992e-16
6.031788026646766411e+03 2.132825541939470005e-16
6.033772445349741247e+03 1.309473620443885963e-16
6.035756834983752015e+03 1.540275649672502964e-16
6.037741195532852544e+03 2.503324399042925567e-16
6.039725526981102121e+03 2.290243162172498813e-16
6.041709829312559123e+03 3.271734187430081534e-16
6.043694102511280107e+03 3.609394086702261568e-16
6.045678346561322542e+03 2.208214769746441638e-16
6.047662561446744803e+03 2.400262685211064456e-16
6.049646747151604359e+03 1.382952411464732651e-16
6.051630903659959586e+03 3.333736323091057863e-16
6.053615030955866132e+03 2.760880777932933241e-16
6.055599129023384194e+03 1.752866989405558719e-16
6.057583197846569419e+03 3.015423663123267000e-16
6.059567237409481095e+03 2.388072350873954682e-16
6.061551247696175778e+03 2.162238412754744532e-16
6.063535228690710937e+03 2.852324455541625643e-16
6.065519180377144949e+03 1.883965828308496329e-16
6.067503102739536189e+03 1.464885032353137797e-16
6.069486995761940307e+03 7.004829012912320490e-17
6.071470859428416588e+03 1.253032143575124801e-16
6.073454693723022501e+03 2.717218259636608682e-16
6.075438498629814603e+03 2.665991761702109434e-16
6.077422274132852181e+03 2.616726847560179731e-16
6.079406020216190882e+03 1.156469205088565789e-16
6.081389736863890903e+03 9.864363370505602847e-17
6.083373424060007892e+03 2.349435408945769254e-16
6.085357081788601135e+03 2.166477519320675691e-16
6.087340710033726282e+03 2.810322118477941587e-16
6.089324308779442617e+03 2.204077743800379344e-16
6.091307878009807609e+03 3.574453897048904999e-17
6.093291417708878726e+03 2.880071865065880375e-16
6.095274927860712523e+03 2.964075530765059249e-16
6.097258408449368289e+03 1.732255839042986667e-16
6.099241859458903491e+03 2.092875575142854238e-16
6.101225280873374686e+03 2.810632373355992519e-16
6.103208672676841161e+03 2.326950412710224726e-16
6.105192034853358564e+03 3.581411180897039310e-16
6.107175367386986181e+03 2.858487933302654738e-16
6.109158670261780571e+03 9.449199345873058309e-17
6.111141943461801020e+03 2.381018931605162613e-16
6.113125186971104085e+03 2.922416444417465975e-16
6.115108400773747235e+03 1.990178740525558815e-16
6.117091584853787936e+03 2.527284335368403690e-16
6.119074739195285474e+03 2.111611143743334719e-16
6.121057863782296408e+03 1.314416092578701084e-16
6.123040958598877296e+03 1.896196297696557024e-16
6.125024023629087424e+03 3.702877545759519203e-16
6.127007058856983349e+03 3.484617421952714416e-16
6.128990064266625268e+03 3.663118940148958283e-16
6.130973039842067010e+03 1.248499392345258706e-16
6.132955985567368771e+03 1.642702551188193718e-16
6.134938901426587108e+03 5.086540402528761220e-16
6.136921787403781309e+03 3.657916271232409454e-16
6.138904643483007021e+03 3.421532746505820495e-16
6.140887469648323531e+03 2.637705501094494652e-16
6.142870265883787397e+03 1.532780403598248067e-16
6.144853032173456086e+03 2.941708875393289992e-16
6.146835768501388884e+03 2.433683119651853956e-16
6.148818474851642350e+03 2.636577419736856523e-16
6.150801151208273950e+03 3.334288557287336170e-16
6.152783797555341152e+03 2.610862947441974991e-16
6.154766413876903243e+03 2.982719671211962448e-16
6.156749000157014962e+03 2.566280923796257810e-16
6.158731556379738322e+03 2.528927224210159983e-16
6.160714082529126244e+03 1.399514372006811743e-16
6.162696578589239834e+03 3.104076515883569159e-16
6.164679044544134740e+03 1.375354268860673709e-16
6.166661480377870248e+03 1.543906502464970547e-16
6.168643886074502916e+03 1.249946339924067154e-16
6.170626261618090211e+03 2.090996001842411108e-16
6.172608606992691421e+03 1.514754965525645143e-16
6.174590922182362192e+03 2.677299040975652926e-16
6.176573207171160902e+03 2.726915068851111995e-16
6.178555461943145929e+03 2.797246523623688558e-17
6.180537686482373829e+03 3.062193417818270905e-16
6.182519880772903889e+03 2.262735983067818231e-16
6.184502044798791758e+03 1.957414614016119512e-16
6.186484178544096721e+03 3.117155813631135539e-16
6.188466281992876247e+03 2.080009066876992387e-16
6.190448355129186893e+03 1.659874897385528292e-16
6.192430397937087037e+03 2.470043809339072517e-16
6.194412410400633235e+03 3.273851232688639928e-16
6.196394392503885683e+03 2.981946119762892253e-16
6.198376344230900941e+03 3.024487567126000562e-16
6.200358265565735564e+03 1.398219890351048910e-16
6.202340156492447932e+03 -2.019096031470142815e-17
6.204322016995096419e+03 1.381560108377113280e-16
6.206303847057737585e+03 1.180442116361836240e-16
6.208285646664429805e+03 1.934718676831438954e-16
6.210267415799230548e+03 2.526136154094759201e-16
6.212249154446197281e+03 2.730436943916149596e-16
6.214230862589387471e+03 4.120721592773995790e-16
6.216212540212860404e+03 2.597006307575765992e-16
6.218194187300670819e+03 3.789693051355112657e-16
6.220175803836879822e+03 2.157005438870950621e-16
6.222157389805543062e+03 2.409060594958373421e-16
6.224138945190718005e+03 3.613845510151857264e-16
6.226120469976462118e+03 2.634855790261282123e-16
6.228101964146834689e+03 2.941378398374735293e-16
6.230083427685892275e+03 2.030563989720106261e-16
6.232064860577692343e+03 2.131351670532170455e-16
6.234046262806293271e+03 2.706310294103009178e-16
6.236027634355752525e+03 1.543682522579678609e-16
6.238008975210127574e+03 3.529616158355713074e-16
6.239990285353475883e+03 2.759430946322633068e-16
6.241971564769855831e+03 3.162902156487599173e-16
6.243952813443323976e+03 3.246300659157525341e-16
6.245934031357939602e+03 3.547236275501665355e-16
6.247915218497759270e+03 2.740414902192812828e-16
6.249896374846839535e+03 2.656300991444547310e-16
6.251877500389240595e+03 1.582541924892260753e-16
6.253858595109019006e+03 2.053896857096737687e-16
6.255839658990232238e+03 2.103993832745297331e-16
6.257820692016937755e+03 3.403974967829955238e-16
6.259801694173193027e+03 2.430088833633017473e-16
6.261782665443057340e+03 2.670744181082960797e-16
6.263763605810585432e+03 3.093376664018984112e-16
6.265744515259838408e+03 3.610150348451943833e-16
6.267725393774871918e+03 3.015548310200055886e-16
6.269706241339743428e+03 3.212114022250822616e-16
6.271687057938512226e+03 1.675156536989149969e-16
6.273667843555233958e+03 3.411095089680479826e-16
6.275648598173967912e+03 2.419171143306174740e-16
6.277629321778770645e+03 2.847726150894313003e-16
6.279610014353700535e+03 2.798557325491358334e-16
6.281590675882815049e+03 2.608305885481853524e-16
6.283571306350171653e+03 2.111680104820876175e-16
6.285551905739828726e+03 3.484948869933075175e-16
6.287532474035842824e+03 2.417391263864795129e-16
6.289513011222272326e+03 1.641606435934970435e-16
6.291493517283174697e+03 2.844309011303283260e-16
6.293473992202607405e+03 1.811863999982708900e-16
6.295454435964628829e+03 1.981452062165194125e-16
6.297434848553295524e+03 3.396798007227246470e-16
6.299415229952666778e+03 1.303711749581914782e-16
6.301395580146800057e+03 2.339207624707750439e-16
6.303375899119750102e+03 2.801584483784145489e-16
6.305356186855578017e+03 3.584693305590750986e-16
6.307336443338340359e+03 1.111782359048513015e-16
6.309316668552093688e+03 1.655085551825337510e-16
6.311296862480898199e+03 2.812277940478353115e-16
6.313277025108808630e+03 2.737677988200097895e-16
6.315257156419884268e+03 2.812318121161997492e-16
6.317237256398183490e+03 1.749235198662928075e-16
6.319217325027761945e+03 1.501511953461293534e-16
6.321197362292678918e+03 1.881107077139085926e-16
6.323177368176991877e+03 2.695605089401977101e-16
6.325157342664757380e+03 1.773293084216156846e-16
6.327137285740033803e+03 2.940251672740153119e-16
6.329117197386878615e+03 4.276298668837431753e-16
6.331097077589351102e+03 2.524114664451059362e-16
6.333076926331506911e+03 1.826430392724339477e-16
6.335056743597404420e+03 2.538167840862159078e-16
6.337036529371101096e+03 1.807163512518749717e-16
6.339016283636654407e+03 5.878625246046904509e-17
6.340996006378123639e+03 1.280060425259799812e-16
6.342975697579563530e+03 2.654393421810140845e-16
6.344955357225034277e+03 2.428411094278219439e-16
6.346934985298592437e+03 2.782094055009727711e-16
6.348914581784296388e+03 1.800938210689090768e-16
6.350894146666203596e+03 1.349668201877472021e-16
6.352873679928370620e+03 4.638653061540181489e-16
6.354853181554855837e+03 3.416980959771243930e-16
6.356832651529717623e+03 2.066133092352920330e-16
6.358812089837013446e+03 1.770418536487757845e-16
6.360791496460800772e+03 2.804958486639529065e-16
6.362770871385136161e+03 2.026564947845381631e-16
6.364750214594077988e+03 2.527712795194482018e-16
6.366729526071685541e+03 1.064664166985492066e-16
6.368708805802014467e+03 1.880481000165085816e-16
6.370688053769123144e+03 2.684192326972355112e-16
6.372667269957069038e+03 1.945108107259233945e-16
6.374646454349909618e+03 1.943242444217186554e-16
6.376625606931704169e+03 2.790780462929616091e-16
6.378604727686508340e+03 2.100496337451286096e-16
6.380583816598380508e+03 2.178045073710719126e-16
6.382562873651378140e+03 2.038835006935155353e-16
6.384541898829558704e+03 2.963875995460470914e-16
6.386520892116981486e+03 2.036399143076114412e-16
6.388499853497702134e+03 1.280689804967330061e-16
6.390478782955780844e+03 2.571959657673188938e-16
6.392457680475272355e+03 2.831549916474413519e-16
6.394436546040235044e+03 2.768047342783946804e-16
6.396415379634727287e+03 2.623961785954767739e-16
6.398394181242807463e+03 2.872984913194982807e-16
6.400372950848532128e+03 2.364825215972784008e-16
6.402351688435958749e+03 2.142085734059319504e-16
6.404330393989145705e+03 2.765305644762038292e-16
6.406309067492150461e+03 2.244527795327585448e-16
6.408287708929030487e+03 2.424126749837248531e-16
6.410266318283843248e+03 2.199094609828536411e-16
6.412244895540647121e+03 2.010872321714125969e-16
6.414223440683499575e+03 2.887687114701110186e-16
6.416201953696458077e+03 3.253756618925732729e-16
6.418180434563581002e+03 3.181159640768166590e-16
6.420158883268924001e+03 2.131156833619628341e-16
6.422137299796546358e+03 2.144657223824721183e-16
6.424115684130506452e+03 2.226442540560799819e-16
6.426094036254860839e+03 2.991201076523303695e-16
6.428072356153666988e+03 2.522515071589162479e-16
6.430050643810982365e+03 2.833210482695961286e-16
6.432028899210865347e+03 2.509313479148117795e-16
6.434007122337374312e+03 2.399815906837667021e-16
6.435985313174564908e+03 2.314184905609888158e-16
6.437963471706496421e+03 3.343708530043569796e-16
6.439941597917226318e+03 4.108883004891791233e-16
6.441919691790812067e+03 2.993712982937508906e-16
6.443897753311311135e+03 2.429843917509414701e-16
6.445875782462780990e+03 3.267089028898763962e-16
6.447853779229280008e+03 2.836394389677125567e-16
6.449831743594865657e+03 2.566715459394345880e-16
6.451809675543594494e+03 2.363563427064238725e-16
6.453787575059526716e+03 2.364120784899554541e-16
6.455765442126717062e+03 1.812201308161259749e-16
6.457743276729224817e+03 3.503266455112054610e-16
6.459721078851107450e+03 2.399645209865158554e-16
6.461698848476423336e+03 2.556411687067294857e-16
6.463676585589228125e+03 2.992797427772461027e-16
6.465654290173581103e+03 2.106085506787588978e-16
6.467631962213539737e+03 2.655973978999824970e-16
6.469609601693162404e+03 2.946917525674514947e-16
6.471587208596504752e+03 2.272265901773174121e-16
6.473564782907626068e+03 2.770935383205573228e-16
6.475542324610583819e+03 2.012606845407372017e-16
6.477519833689433653e+03 2.638108894863996622e-16
6.479497310128237586e+03 2.478088259773709451e-16
6.481474753911048538e+03 3.938112286678084434e-16
6.483452165021927613e+03 2.234377304351998713e-16
6.485429543444930459e+03 3.496022682633326632e-16
6.487406889164116365e+03 9.663158044110736802e-17
6.489384202163540976e+03 2.746170703279471275e-16
6.491361482427264491e+03 1.826818862511981791e-16
6.493338729939341647e+03 2.522745260563627299e-16
6.495315944683832640e+03 2.559009360770963387e-16
6.497293126644794029e+03 2.943890538837896854e-16
6.499270275806284189e+03 2.888515288645492306e-16
6.501247392152358771e+03 3.020435380468246014e-16
6.503224475667077968e+03 3.365553365536159388e-16
6.505201526334498340e+03 2.762915268059387975e-16
6.507178544138676443e+03 2.252302126186879440e-16
6.509155529063672475e+03 2.824473570636328309e-16
6.511132481093542083e+03 3.103684910677636429e-16
6.513109400212343644e+03 2.132542538864712972e-16
6.515086286404134626e+03 3.351216377904198437e-16
6.517063139652973405e+03 2.686934230938968501e-16
6.519039959942916539e+03 1.167999509684151667e-16
6.521016747258021496e+03 2.487312559834335674e-16
6.522993501582348472e+03 1.847463915516630512e-16
6.524970222899952205e+03 2.968560210660114885e-16
6.526946911194891072e+03 9.926527161295517094e-17
6.528923566451224360e+03 2.754446026713931510e-16
6.530900188653007717e+03 2.634839054715565263e-16
6.532876777784300430e+03 2.279347415237703535e-16
6.534853333829158146e+03 1.911197931977668720e-16
6.536829856771641062e+03 3.209924454290192118e-16
6.538806346595804825e+03 1.584784137190344269e-16
6.540782803285707814e+03 2.039498108801985494e-16
6.542759226825407495e+03 3.382218708135608896e-16
6.544735617198962245e+03 2.760351028174658685e-16
6.546711974390429532e+03 3.387527595685365987e-16
6.548688298383865913e+03 4.821403420046796793e-16
6.550664589163330675e+03 3.576548710723153074e-16
6.552640846712880375e+03 3.626298579612821384e-16
6.554617071016573391e+03 1.772397208170190466e-16
6.556593262058466280e+03 3.482040969328698202e-16
6.558569419822617419e+03 2.054216704270397814e-16
6.560545544293085186e+03 3.469612835923804015e-16
6.562521635453926137e+03 1.197991041384455205e-16
6.564497693289197741e+03 2.706340048884037826e-16
6.566473717782959284e+03 2.289505038782633212e-16
6.568449708919266413e+03 1.961833208313212040e-16
6.570425666682178417e+03 3.134629616308829289e-16
6.572401591055752760e+03 2.189864059440903323e-16
6.574377482024046913e+03 2.752297708045107513e-16
6.576353339571118340e+03 3.077015119469934425e-16
6.578329163681022692e+03 2.434845140389845397e-16
6.580304954337821982e+03 2.894271325778695200e-16
6.582280711525570950e+03 1.619572659319181406e-16
6.584256435228327973e+03 1.226866397126171254e-16
6.586232125430149608e+03 2.421472551936938513e-16
6.588207782115096052e+03 2.278004922299850251e-16
6.590183405267222042e+03 4.093090924803672288e-16
6.592158994870587776e+03 1.561181067330632218e-16
6.594134550909249811e+03 2.534417535691639540e-16
6.596110073367264704e+03 1.433283211744379084e-16
6.598085562228692652e+03 3.878485924336222244e-16
6.600061017477588393e+03 2.132001016132027032e-16
6.602036439098012124e+03 2.315060862209264363e-16
6.604011827074020403e+03 3.120303729511998375e-16
6.605987181389671605e+03 2.918150383828273863e-16
6.607962502029022289e+03 3.565589422678295707e-16
6.609937788976130832e+03 3.036203304211704027e-16
6.611913042215053792e+03 3.463021268043868301e-16
6.613888261729850456e+03 1.997557156928986121e-16
6.615863447504578289e+03 2.705467158986604609e-16
6.617838599523292942e+03 1.868243646226878286e-16
6.619813717770055518e+03 1.083889434004738422e-16
6.621788802228920758e+03 2.113090364891390933e-16
6.623763852883947038e+03 2.547760565419665329e-16
6.625738869719192735e+03 1.908886594397144523e-16
6.627713852718714406e+03 2.781814152710048393e-16
6.629688801866571339e+03 3.280313152543969799e-16
6.631663717146820090e+03 1.946504878809524471e-16
6.633638598543518128e+03 2.902266050638760441e-16
6.635613446040723829e+03 2.707713380073471800e-16
6.637588259622494661e+03 1.817087969686138456e-16
6.639563039272889000e+03 2.274433054267241999e-16
6.641537784975962495e+03 2.692189429515404397e-16
6.643512496715773523e+03 3.356490001027289417e-17
6.645487174476381369e+03 2.317205366361252743e-16
6.647461818241842593e+03 2.098691254692647870e-16
6.649436427996214661e+03 3.152722043679030038e-16
6.651411003723555041e+03 1.138488092481408703e-16
6.653385545407922109e+03 2.135274197248829467e-16
6.655360053033373333e+03 3.811473273628605044e-16
6.657334526583967090e+03 2.709334786302738521e-16
6.659308966043758119e+03 2.101300947586091865e-16
6.661283371396808434e+03 2.442728884924402137e-16
6.663257742627172775e+03 1.683338733823121871e-16
6.665232079718908608e+03 1.657318131918226343e-16
6.667206382656075220e+03 2.406908876617332590e-16
6.669180651422730080e+03 1.899843381617004131e-16
6.671154886002928833e+03 2.207539467998179734e-16
6.673129086380731678e+03 3.486126986277119322e-16
6.675103252540195172e+03 3.150051616324783702e-16
6.677077384465377691e+03 2.702035285511989545e-16
6.679051482140335793e+03 2.693918267465767398e-16
6.681025545549126946e+03 2.174823841934524638e-16
6.682999574675810436e+03 1.367787548578734484e-16
6.684973569504442821e+03 3.196351932296838448e-16
6.686947530019080659e+03 9.532150572208357220e-17
6.688921456203785056e+03 3.256915067069401832e-16
6.690895348042609839e+03 2.738250047416327855e-16
6.692869205519615207e+03 3.173800595551142811e-16
6.694843028618857716e+03 3.133512731246070695e-16
6.696816817324396652e+03 2.727592957880358528e-16
6.698790571620286755e+03 1.313147057018842560e-16
6.700764291490588221e+03 2.274376661047397249e-16
6.702737976919357607e+03 3.639912328114295641e-16
6.704711627890652380e+03 2.468545913635927848e-16
6.706685244388530919e+03 1.554190387791083458e-16
6.708658826397049779e+03 2.875908401289501142e-16
6.710632373900268249e+03 2.180583652191912995e-16
6.712605886882242885e+03 2.420893514278906228e-16
6.714579365327032065e+03 3.181927334746870513e-16
6.716552809218692346e+03 2.159950508347644632e-16
6.718526218541283015e+03 2.810644539195038368e-16
6.720499593278860630e+03 2.253551433997896526e-16
6.722472933415481748e+03 5.453154523386505167e-18
6.724446238935206566e+03 3.405010936671031053e-16
6.726419509822091641e+03 2.964983574757758426e-16
6.728392746060193531e+03 2.696694636337010961e-16
6.730365947633571523e+03 3.434307730047688714e-16
6.732339114526283083e+03 1.737992914720908342e-16
6.734312246722384771e+03 2.134120673664824058e-16
6.736285344205934962e+03 2.243954618318848431e-16
6.738258406960992033e+03 2.300152526421626011e-16
6.740231434971612543e+03 2.525627004935861889e-16
6.742204428221853959e+03 2.891083292602892540e-16
6.744177386695775567e+03 1.470914212797829804e-16
6.746150310377433016e+03 2.361537027240611248e-16
6.748123199250885591e+03 2.817123664806680210e-16
6.750096053300189851e+03 3.409627883796324313e-16
6.752068872509404173e+03 1.803416007263669949e-16
6.754041656862586024e+03 3.190267318361343772e-16
6.756014406343793780e+03 2.462253425117837675e-16
6.757987120937083091e+03 3.493764024371474346e-16
6.759959800626514152e+03 2.245533916162966170e-16
6.761932445396142612e+03 7.199069516594629406e-17
6.763905055230026846e+03 3.497406313524737455e-16
6.765877630112225233e+03 3.499707593641291086e-16
6.767850170026793421e+03 2.530364432064909735e-16
6.769822674957792515e+03 1.259695905482048874e-16
6.771795144889276344e+03 3.058424448323399499e-16
6.773767579805306013e+03 3.281491190411275674e-16
6.775739979689936263e+03 2.876917142383545334e-16
6.777712344527226378e+03 2.229440798118475873e-16
6.779684674301233827e+03 1.846547474405881597e-16
6.781656968996016076e+03 2.334879671477541749e-16
6.783629228595631503e+03 2.189227172865513173e-16
6.785601453084136665e+03 1.366407834394678822e-16
6.787573642445589030e+03 1.949132361724082626e-16
6.789545796664047884e+03 2.415860070936265641e-16
6.791517915723568876e+03 2.213700332969013996e-16
6.793489999608211292e+03 4.754543982804926312e-17
6.795462048302033509e+03 1.051975634509908610e-16
6.797434061789090265e+03 2.338192199461677507e-16
6.799406040053441757e+03 3.034376354581587171e-16
6.801377983079144542e+03 3.521026938215007751e-16
6.803349890850256998e+03 1.760506616508155917e-16
6.805321763350835681e+03 1.873566213545418128e-16
6.807293600564938970e+03 2.522687519633303658e-16
6.809265402476625241e+03 2.348944366532193952e-16
6.811237169069950141e+03 2.491563960880255055e-16
6.813208900328973868e+03 2.385536495242917633e-16
6.815180596237752070e+03 1.637104341268572670e-16
6.817152256780344032e+03 4.084485850539703321e-16
6.819123881940806314e+03 3.390702433721562955e-16
6.821095471703196381e+03 3.531462343267987912e-16
6.823067026051572611e+03 2.987253215652798757e-16
6.825038544969992472e+03 1.424166530444925203e-16
6.827010028442513430e+03 1.002122903539311840e-16
6.828981476453192954e+03 1.547090536842800238e-16
6.830952888986090329e+03 1.779298012806148786e-16
6.832924266025260295e+03 1.857896382930771437e-16
6.834895607554763956e+03 2.543519399865711983e-16
6.836866913558656051e+03 2.273479662479940823e-16
6.838838184020995868e+03 1.511979612710045742e-16
6.840809418925840873e+03 6.499550686818403617e-17
6.842780618257247625e+03 2.010135389321844583e-16
6.844751781999275408e+03 2.613850707800579507e-16
6.846722910135980783e+03 2.013892019805445852e-16
6.848694002651422124e+03 2.345047207396406710e-16
6.850665059529656901e+03 2.214558978279451347e-16
6.852636080754742579e+03 3.411952467499957899e-16
6.854607066310736627e+03 2.177801325048835534e-16
6.856578016181696512e+03 2.373778147610102724e-16
6.858548930351680610e+03 1.573998843005291392e-16
6.860519808804747299e+03 2.664195308171017155e-16
6.862490651524952227e+03 4.186550048339317583e-16
6.864461458496354680e+03 2.436637870927768935e-16
6.866432229703011217e+03 1.273350531687995963e-16
6.868402965128980213e+03 2.809566574830422951e-16
6.870373664758319137e+03 3.557287983557947014e-16
6.872344328575086365e+03 2.827634945425745129e-16
6.874314956563338455e+03 1.448554179279354833e-16
6.876285548707133785e+03 6.060075148032911869e-17
6.878256104990528911e+03 4.082796563888724175e-17
6.880226625397583121e+03 2.619814857051033008e-16
6.882197109912353881e+03 1.500295624042402725e-16
6.884167558518897749e+03 1.836981892155453638e-16
6.886137971201273103e+03 1.151960374787206022e-16
6.888108347943536501e+03 2.940673988372987388e-16
6.890078688729748137e+03 1.673581102465681809e-16
6.892048993543963661e+03 2.993862046947592583e-16
6.894019262370240540e+03 2.273381456208945222e-16
6.895989495192637150e+03 1.428303251606231602e-16
6.897959691995210960e+03 2.081074893231317810e-16
6.899929852762021255e+03 2.066414748691292546e-16
6.901899977477122775e+03 2.279920575680793936e-16
6.903870066124574805e+03 1.590465668783416323e-16
6.905840118688434814e+03 2.405380496639878192e-16
6.907810135152762086e+03 2.859255581863516895e-16
6.909780115501611363e+03 1.675945357836525494e-16
6.911750059719041019e+03 1.479688399118201697e-16
6.913719967789110342e+03 3.727904883551918801e-16
6.915689839695875889e+03 1.821866887455511823e-16
6.917659675423396038e+03 2.243180790603063901e-16
6.919629474955726437e+03 2.764151333141073156e-16
6.921599238276927281e+03 2.432299382143207693e-16
6.923568965371055128e+03 1.546466663015087883e-16
6.925538656222168356e+03 1.710569658751785013e-16
6.927508310814322613e+03 2.760980452761734944e-16
6.929477929131577184e+03 2.636041870195880171e-16
6.931447511157990448e+03 9.584472403378835501e-17
6.933417056877618052e+03 1.283005719077632963e-16
6.935386566274519282e+03 2.229962072321122706e-16
6.937356039332750697e+03 2.872681406817197118e-16
6.939325476036370674e+03 2.561837298329112459e-16
6.941294876369437588e+03 1.046226090251315215e-16
6.943264240316007090e+03 1.711271409568218206e-16
6.945233567860139374e+03 3.507050411267233147e-16
6.947202858985889179e+03 1.914373367238171464e-16
6.949172113677316702e+03 3.918500730376103181e-16
6.951141331918478500e+03 2.432918607170818258e-16
6.953110513693432040e+03 3.630237031206601843e-16
6.955079658986234790e+03 2.125667438787282113e-16
6.957048767780946946e+03 2.075403337741495518e-16
6.959017840061622337e+03 1.032203828727548319e-16
6.960986875812321159e+03 3.435359822239598107e-16
6.962955875017099970e+03 1.704366003621372831e-16
6.964924837660018056e+03 2.164450997184638669e-16
6.966893763725131066e+03 3.500154973715968521e-16
6.968862653196497376e+03 4.102848749630648351e-16
6.970831506058175364e+03 2.413793101824495898e-16
6.972800322294221587e+03 2.144208541474968393e-16
6.974769101888694422e+03 3.525811231379429366e-16
6.976737844825651337e+03 3.681786737156626512e-16
6.978706551089149798e+03 2.551751928498612559e-16
6.980675220663248183e+03 2.396604673094480332e-16
6.982643853532003959e+03 1.945975536759646580e-16
6.984612449679474594e+03 1.683217497333967629e-16
6.986581009089716645e+03 2.295173025004856649e-16
6.988549531746789398e+03 2.832276622479327566e-16
