# Wavelength,Flux
4.554427843306786599e+03 4.156993696487552399e-16
4.564435551015028977e+03 4.169001901580834314e-16
4.574442825736558916e+03 4.519844790988627725e-16
4.584449665478585302e+03 4.404704224092457035e-16
4.594456068248315205e+03 4.808036560769043689e-16
4.604462032052959330e+03 4.629871402964484828e-16
4.614467554899725656e+03 4.539601510643151168e-16
4.624472634795822160e+03 4.181673981198723292e-16
4.634477269748456820e+03 4.328060272864060013e-16
4.644481457764841252e+03 4.045347547359090116e-16
4.654485196852180707e+03 4.436981544521653173e-16
4.664488485017685889e+03 4.608177890030621070e-16
4.674491320268564778e+03 4.491694715932957554e-16
4.684493700612025350e+03 4.006083192568375332e-16
4.694495624055278313e+03 4.152707716063778736e-16
4.704497088605529825e+03 3.743295411440299424e-16
4.714498092269989684e+03 3.544242557606163534e-16
4.724498633055866776e+03 3.802249796907567475e-16
4.734498708970369989e+03 3.531382422836524574e-16
4.744498318020706392e+03 3.668907503996158769e-16
4.754497458214085782e+03 3.379416859242783629e-16
4.764496127557717045e+03 3.500342747791904958e-16
4.774494324058809070e+03 3.358975385774010250e-16
4.784492045724568925e+03 3.405201178030018562e-16
4.794489290562206406e+03 3.265696041194843750e-16
4.804486056578930402e+03 3.389027234609379917e-16
4.814482341781947980e+03 3.535863152531752593e-16
4.824478144178469847e+03 3.326711696952701088e-16
4.834473461775703072e+03 3.385106917468755053e-16
4.844468292580857451e+03 3.306778831304586884e-16
4.854462634601140962e+03 3.259663422495656211e-16
4.864456485843762493e+03 3.232430420917385449e-16
4.874449844315930022e+03 3.257808509592543039e-16
4.884442708024852436e+03 3.671808977981825382e-16
4.894435074977738623e+03 3.334274148182601031e-16
4.904426943181798379e+03 3.428331663516934529e-16
4.914418310644238773e+03 3.361213705352179424e-16
4.924409175372268692e+03 3.472228611530327022e-16
4.934399535373097024e+03 3.420419793135006218e-16
4.944389388653931746e+03 3.277250236537794910e-16
4.954378733221981747e+03 3.236570722613862922e-16
4.964367567084457733e+03 3.445570124658010727e-16
4.974355888248564952e+03 3.182006168670094908e-16
4.984343694721515021e+03 3.301323998096502439e-16
4.994330984510514099e+03 3.248713964889181969e-16
5.004317755622772893e+03 3.360349577037530138e-16
5.014304006065498470e+03 3.409596514151281476e-16
5.024289733845900628e+03 3.342450573012494142e-16
5.034274936971187344e+03 3.145208032030530872e-16
5.044259613448566597e+03 3.113301054353724353e-16
5.054243761285249093e+03 3.200322008829861555e-16
5.064227378488441900e+03 3.118402023066007579e-16
5.074210463065352997e+03 3.021967351167538851e-16
5.084193013023193089e+03 2.990941304645317788e-16
5.094175026369169245e+03 3.223726198391314136e-16
5.104156501110490353e+03 3.208764127697973861e-16
5.114137435254366210e+03 3.168905154252180805e-16
5.124117826808003883e+03 3.161088868562708904e-16
5.134097673778612261e+03 3.096021293246710224e-16
5.144076974173401140e+03 3.164815074015513344e-16
5.154055725999577589e+03 3.099801956879965824e-16
5.164033927264352315e+03 3.026763616847228389e-16
5.174011575974931475e+03 3.073549574041791362e-16
5.183988670138525777e+03 3.141829946035289244e-16
5.193965207762341379e+03 3.203765527315517491e-16
5.203941186853589898e+03 3.335786608059063983e-16
5.213916605419479311e+03 2.995593619288178628e-16
5.223891461467215777e+03 3.020786780670907181e-16
5.233865753004010912e+03 3.042570288071838174e-16
5.243839478037071785e+03 2.966853193604883117e-16
5.253812634573607284e+03 2.939743652111301660e-16
5.263785220620826294e+03 3.253384863415048117e-16
5.273757234185937705e+03 3.338261842736401890e-16
5.283728673276149493e+03 3.383135180825139993e-16
5.293699535898669637e+03 3.536176190813066412e-16
5.303669820060708844e+03 3.792628279405300615e-16
5.313639523769474181e+03 3.766606070343176878e-16
5.323608645032174536e+03 4.005958329180099511e-16
5.333577181856019706e+03 4.398767792271869401e-16
5.343545132248216760e+03 4.495887146011231421e-16
5.353512494215974584e+03 4.439646940945592706e-16
5.363479265766502976e+03 3.919677167477915485e-16
5.373445444907009005e+03 3.805240195697048092e-16
5.383411029644703376e+03 3.645837373107786636e-16
5.393376017986791339e+03 3.369323676354106880e-16
5.403340407940484511e+03 3.437704663179359890e-16
5.413304197512991777e+03 3.295035212465696747e-16
5.423267384711520208e+03 3.120093628944917194e-16
5.433229967543276871e+03 3.114530041264312735e-16
5.443191944015474292e+03 2.910432968431677763e-16
5.453153312135319538e+03 3.057882489173295315e-16
5.463114069910019680e+03 2.914259108664732133e-16
5.473074215346785422e+03 2.835069710400889438e-16
5.483033746452823834e+03 2.677099723554056127e-16
5.492992661235344713e+03 2.719837374689506335e-16
5.502950957701556035e+03 2.730379062756079807e-16
5.512908633858667599e+03 2.718927881667338060e-16
5.522865687713886473e+03 2.765504987179362911e-16
5.532822117274421544e+03 2.654305321319646940e-16
5.542777920547482609e+03 2.618518020166213643e-16
5.552733095540277645e+03 2.653790218572345701e-16
5.562687640260013723e+03 2.747447002866988202e-16
5.572641552713902456e+03 2.765503558265543678e-16
5.582594830909150915e+03 2.622111674367883407e-16
5.592547472852967985e+03 2.611877110438857600e-16
5.602499476552560736e+03 2.694029524092855913e-16
5.612450840015140784e+03 2.711991370587922222e-16
5.622401561247914287e+03 2.698830456752766725e-16
5.632351638258091043e+03 2.727511210078368991e-16
5.642301069052879029e+03 2.641810938303122383e-16
5.652249851639488043e+03 2.715680056815562558e-16
5.662197984025124242e+03 2.464707872201500120e-16
5.672145464216999244e+03 2.652187304441352770e-16
5.682092290222321026e+03 2.382859521548624201e-16
5.692038460048297566e+03 2.604893257207016879e-16
5.701983971702136841e+03 2.373517254803712634e-16
5.711928823191047741e+03 2.438617263519080271e-16
5.721873012522240060e+03 2.563938249580533692e-16
5.731816537702921778e+03 2.487765584975276310e-16
5.741759396740300872e+03 2.612909655793619072e-16
5.751701587641587139e+03 2.603293842444169398e-16
5.761643108413989466e+03 2.592778171854278529e-16
5.771583957064714014e+03 2.572721135814412816e-16
5.781524131600972396e+03 2.558416587941402969e-16
5.791463630029971682e+03 2.679005231461734006e-16
5.801402450358920760e+03 2.599994699318221354e-16
5.811340590595027606e+03 2.869903636376368603e-16
5.821278048745502019e+03 2.742111641636584542e-16
5.831214822817551976e+03 2.660710302988005571e-16
5.841150910818387274e+03 2.657981913674630950e-16
5.851086310755214981e+03 2.566008301258492156e-16
5.861021020635243985e+03 2.633593983438050809e-16
5.870955038465683174e+03 2.633428790803467255e-16
5.880888362253742343e+03 2.566150279178029465e-16
5.890820990006628563e+03 2.624535792226306300e-16
5.900752919731550719e+03 2.347177547266847484e-16
5.910684149435717700e+03 2.636487807123228862e-16
5.920614677126338393e+03 2.566500215951833803e-16
5.930544500810621685e+03 2.686005872923858701e-16
5.940473618495774645e+03 2.496979949705579468e-16
5.950402028189007979e+03 2.485627160485629322e-16
5.960329727897529665e+03 2.436929096576081773e-16
5.970256715628545862e+03 2.513417489371918004e-16
5.980182989389269096e+03 2.492023256062315810e-16
5.990108547186906435e+03 2.515124424655133408e-16
6.000033387028665857e+03 2.525327530379036727e-16
6.009957506921757158e+03 2.533282016525606454e-16
6.019880904873387408e+03 2.472123824931766418e-16
6.029803578890765493e+03 2.392323366198852602e-16
6.039725526981102121e+03 2.345282001362299827e-16
6.049646747151604359e+03 2.395130023387998955e-16
6.059567237409481095e+03 2.428856157775971441e-16
6.069486995761940307e+03 2.458139345885464479e-16
6.079406020216190882e+03 2.512492049841388032e-16
6.089324308779442617e+03 2.397356102278705368e-16
6.099241859458903491e+03 2.473198801601350319e-16
6.109158670261780571e+03 2.424655921568033301e-16
6.119074739195285474e+03 2.376364408840315027e-16
6.128990064266625268e+03 2.436608359375291352e-16
6.138904643483007021e+03 2.479082313424575472e-16
6.148818474851642350e+03 2.266774938794517048e-16
6.158731556379738322e+03 2.404955282840932072e-16
6.168643886074502916e+03 2.370838298947549107e-16
6.178555461943145929e+03 2.371273723163440101e-16
6.188466281992876247e+03 2.320172906662453125e-16
6.198376344230900941e+03 2.290485301023576241e-16
6.208285646664429805e+03 2.008642635573822752e-16
6.218194187300670819e+03 2.355148809217401997e-16
6.228101964146834689e+03 2.204636146987621993e-16
6.238008975210127574e+03 2.286442968974144168e-16
6.247915218497759270e+03 2.338561461152230368e-16
6.257820692016937755e+03 2.349010426335304268e-16
6.267725393774871918e+03 2.351189352727727251e-16
6.277629321778770645e+03 2.225071197737748246e-16
6.287532474035842824e+03 2.283054646616216491e-16
6.297434848553295524e+03 2.258059648945607546e-16
6.307336443338340359e+03 2.138995452087637485e-16
6.317237256398183490e+03 2.300518820052109265e-16
6.327137285740033803e+03 2.225146513230588159e-16
6.337036529371101096e+03 2.198189969623728766e-16
6.346934985298592437e+03 2.277623504677752865e-16
6.356832651529717623e+03 2.311915758660577765e-16
6.366729526071685541e+03 2.244678345890993370e-16
6.376625606931704169e+03 2.352080162823087767e-16
6.386520892116981486e+03 2.393830419379914813e-16
6.396415379634727287e+03 2.263361712651657472e-16
6.406309067492150461e+03 2.394885893205526528e-16
6.416201953696458077e+03 2.334586173235525266e-16
6.426094036254860839e+03 2.456919431005765704e-16
6.435985313174564908e+03 2.442443183979523442e-16
6.445875782462780990e+03 2.482943436264138896e-16
6.455765442126717062e+03 2.396066918141843132e-16
6.465654290173581103e+03 2.415664337432614022e-16
6.475542324610583819e+03 2.353942179213761119e-16
6.485429543444930459e+03 2.433399210137251053e-16
6.495315944683832640e+03 2.458622128068848501e-16
6.505201526334498340e+03 2.540783859669824670e-16
6.515086286404134626e+03 2.528378017235594472e-16
6.524970222899952205e+03 2.408116995316419425e-16
6.534853333829158146e+03 2.466422909846294417e-16
6.544735617198962245e+03 2.419578671560425253e-16
6.554617071016573391e+03 2.377565835805428816e-16
6.564497693289197741e+03 2.495811526946556136e-16
6.574377482024046913e+03 2.490400981486078774e-16
6.584256435228327973e+03 2.340622940511692774e-16
6.594134550909249811e+03 2.326536860536235505e-16
6.604011827074020403e+03 2.380029338063002497e-16
6.613888261729850456e+03 2.360619022959977464e-16
6.623763852883947038e+03 2.353421124505602711e-16
6.633638598543518128e+03 2.441407965062903707e-16
6.643512496715773523e+03 2.375095176648413371e-16
6.653385545407922109e+03 2.267654380450970360e-16
6.663257742627172775e+03 2.334098246179442726e-16
6.673129086380731678e+03 2.349003850869967250e-16
6.682999574675810436e+03 2.371122924016578905e-16
6.692869205519615207e+03 2.309196820274031655e-16
6.702737976919357607e+03 2.347477263986554473e-16
6.712605886882242885e+03 2.329357235343215092e-16
6.722472933415481748e+03 2.356148595221753724e-16
6.732339114526283083e+03 2.330726597514954762e-16
6.742204428221853959e+03 2.324654914871859525e-16
6.752068872509404173e+03 2.510525407916977903e-16
6.761932445396142612e+03 2.459716167263383105e-16
6.771795144889276344e+03 2.387137653444436899e-16
6.781656968996016076e+03 2.496855275871452051e-16
6.791517915723568876e+03 2.459524726023444783e-16
