# Wavelength Flux
3.250485578588953103e+03 6.865041508387925021e-16
3.252494997879693074e+03 1.396251927413204599e-15
3.254504410277249008e+03 1.933422978420507369e-16
3.256513815765678373e+03 6.078609731805750566e-16
3.258523214329039547e+03 -1.373671833992595199e-15
3.260532605951389087e+03 7.330568366208021965e-16
3.262541990616785370e+03 1.551405929582621231e-15
3.264551368309285408e+03 1.423379134754737648e-15
3.266560739012948034e+03 -1.221516778542546459e-16
3.268570102711829804e+03 3.319876191098000817e-16
3.270579459389989097e+03 6.285671733363513102e-16
3.272588809031483379e+03 1.501274696150856730e-16
3.274598151620370118e+03 7.311010173105405601e-16
3.276607487140706780e+03 -5.704691815433727639e-16
3.278616815576551744e+03 7.104493013857768309e-16
3.280626136911962476e+03 2.982856356120665844e-16
3.282635451130995989e+03 5.883992178889161167e-16
3.284644758217710660e+03 9.111820979758891804e-16
3.286654058156163956e+03 2.217252385315186369e-16
3.288663350930413799e+03 6.574945579123386833e-17
3.290672636524517202e+03 2.284830398478042886e-16
3.292681914922532542e+03 7.530946828417222390e-16
3.294691186108516831e+03 5.958379981092333331e-16
3.296700450066528447e+03 4.075950743639280967e-16
3.298709706780624401e+03 1.238343299948459102e-15
3.300718956234862617e+03 8.947514920615127721e-16
3.302728198413301016e+03 2.039442683657350430e-16
3.304737433299996610e+03 3.781244026698012401e-16
3.306746660879008232e+03 2.901200333944124792e-16
3.308755881134391984e+03 6.664397736929202726e-16
3.310765094050207153e+03 7.642548139359765863e-16
3.312774299610509843e+03 6.063997216698373980e-16
3.314783497799359338e+03 7.641088116900928010e-16
3.316792688600811744e+03 7.454868527545158988e-16
3.318801871998925890e+03 4.385802721655665307e-16
3.320811047977758790e+03 8.600940404019475098e-16
3.322820216521368820e+03 6.342240282745999210e-16
3.324829377613812539e+03 8.156526752020770377e-16
3.326838531239148779e+03 5.013310040746140143e-16
3.328847677381434096e+03 9.700672821405303834e-16
3.330856816024727323e+03 5.310512695480171047e-16
3.332865947153085017e+03 6.925359778244868328e-16
3.334875070750566010e+03 8.747533108960066168e-16
3.336884186801226861e+03 8.012912582807049913e-16
3.338893295289125490e+03 3.639923207006217352e-16
3.340902396198320275e+03 2.477080878534618343e-16
3.342911489512868229e+03 6.261126855792033124e-16
3.344920575216827274e+03 5.543719047024683158e-16
3.346929653294254877e+03 1.234118850624548904e-15
3.348938723729208959e+03 5.242999442745834006e-16
3.350947786505746990e+03 1.043548036221247721e-15
3.352956841607926890e+03 3.932616527353792349e-16
3.354965889019806127e+03 8.303892812363923477e-16
3.356974928725442169e+03 6.284692327858640371e-16
3.358983960708892937e+03 3.997334476292470788e-16
3.360992984954215899e+03 1.272436666655394074e-15
3.363002001445469432e+03 7.444418163572300520e-16
3.365011010166710093e+03 1.216197511010758777e-15
3.367020011101996261e+03 1.280484089525154552e-15
3.369029004235385855e+03 5.361158383392699874e-16
3.371037989550935890e+03 1.112043212898875126e-15
3.373046967032704288e+03 8.453046563626456882e-16
3.375055936664748515e+03 1.170122566288092616e-15
3.377064898431126949e+03 1.092030241426119580e-15
3.379073852315896147e+03 1.305810560989903004e-15
3.381082798303114942e+03 1.408249731356083062e-15
3.383091736376840345e+03 1.958064770120741906e-15
3.385100666521129824e+03 1.446366823915281202e-15
3.387109588720041756e+03 1.609145185000316536e-15
3.389118502957633154e+03 1.550888000675015860e-15
3.391127409217962395e+03 1.801066330712530100e-15
3.393136307485086036e+03 2.279440319857831251e-15
3.395145197743062909e+03 2.430324252366548046e-15
3.397154079975950026e+03 2.402934801737398009e-15
3.399162954167805310e+03 2.597148654094848626e-15
3.401171820302686228e+03 2.968996062427811974e-15
3.403180678364650703e+03 2.727106114875639394e-15
3.405189528337756201e+03 3.097892724428155753e-15
3.407198370206060190e+03 3.121559567662187694e-15
3.409207203953621047e+03 3.404483831570471937e-15
3.411216029564495784e+03 3.257613032802308008e-15
3.413224847022742324e+03 2.668919197767757274e-15
3.415233656312418134e+03 2.531895160880405912e-15
3.417242457417581136e+03 2.041674411249908193e-15
3.419251250322288797e+03 1.932778573328184519e-15
3.421260035010599040e+03 1.867902768771810362e-15
3.423268811466569332e+03 2.127569529794767643e-15
3.425277579674257595e+03 1.778333191143274480e-15
3.427286339617721296e+03 1.622464595713091704e-15
3.429295091281017903e+03 1.628781281243195462e-15
3.431303834648205338e+03 1.705305927079432455e-15
3.433312569703341069e+03 1.352438757247442207e-15
3.435321296430483017e+03 1.313569731769906484e-15
3.437330014813689104e+03 1.297937497993299180e-15
3.439338724837016343e+03 1.043724795241026245e-15
3.441347426484522657e+03 7.729864528563676296e-16
3.443356119740265967e+03 6.015612668403340259e-16
3.445364804588303741e+03 7.281725579999331937e-16
3.447373481012693446e+03 8.909213091154526830e-16
3.449382148997493005e+03 7.085639272973987303e-16
3.451390808526759884e+03 9.341017913230773190e-16
3.453399459584552460e+03 8.024527584798908210e-16
3.455408102154927292e+03 1.292291708315983156e-15
3.457416736221942756e+03 9.357612907372976123e-16
3.459425361769656320e+03 7.810313613826848698e-16
3.461433978782125905e+03 1.246094469138374648e-15
3.463442587243408980e+03 1.057336531500962265e-15
3.465451187137563011e+03 1.191281973732037778e-15
3.467459778448645920e+03 9.289659997717331541e-16
3.469468361160715176e+03 1.007893747750368290e-15
3.471476935257829155e+03 1.195184194071118711e-15
3.473485500724044414e+03 9.741501488336039083e-16
3.475494057543419331e+03 1.081286319329525755e-15
3.477502605700011372e+03 1.002545186841982690e-15
3.479511145177878461e+03 1.083603266033729740e-15
3.481519675961078065e+03 1.091239120537874473e-15
3.483528198033667650e+03 7.991359065005108193e-16
3.485536711379705139e+03 9.723348732138742283e-16
3.487545215983247999e+03 1.040716140579398793e-15
3.489553711828354608e+03 9.408423094188164884e-16
3.491562198899081523e+03 8.180889537038322490e-16
3.493570677179487120e+03 7.568701733748444550e-16
3.495579146653628868e+03 6.654748300152191604e-16
3.497587607305564234e+03 6.113557027926207772e-16
3.499596059119351594e+03 6.450847813395376348e-16
3.501604502079047961e+03 4.890282456494050894e-16
3.503612936168711258e+03 6.294239114588011929e-16
3.505621361372398951e+03 6.450996434064139357e-16
3.507629777674168963e+03 5.882778049893271724e-16
3.509638185058078761e+03 7.796564476077448712e-16
3.511646583508186268e+03 6.616687132968011813e-16
3.513654973008548950e+03 6.256913467370657683e-16
3.515663353543224275e+03 6.344379181010295650e-16
3.517671725096270620e+03 7.367786601849865589e-16
3.519680087651744543e+03 7.554656940357792729e-16
3.521688441193704875e+03 4.871584578768709940e-16
3.523696785706208630e+03 6.383472527855183546e-16
3.525705121173313728e+03 6.932999798303693151e-16
3.527713447579077638e+03 6.631947104311643273e-16
3.529721764907558281e+03 6.989816245831979192e-16
3.531730073142812671e+03 7.842948517832023117e-16
3.533738372268899184e+03 5.358858977013388644e-16
3.535746662269875742e+03 8.146308334984059625e-16
3.537754943129798903e+03 6.255303022331185687e-16
3.539763214832727044e+03 6.919729453303507322e-16
3.541771477362718088e+03 5.573131873032741592e-16
3.543779730703829046e+03 7.222767371660348187e-16
3.545787974840118295e+03 6.292508442556361401e-16
3.547796209755642849e+03 8.456707175319212197e-16
3.549804435434461084e+03 5.623318099757280102e-16
3.551812651860630012e+03 6.792207118377354836e-16
3.553820859018207102e+03 6.327747722854176596e-16
3.555829056891250730e+03 6.158613114323518772e-16
3.557837245463818817e+03 6.491476384995041599e-16
3.559845424719967923e+03 4.636086238059449357e-16
3.561853594643756423e+03 4.558905754497190447e-16
3.563861755219241786e+03 6.241262459115543474e-16
3.565869906430481933e+03 7.296785079814940022e-16
3.567878048261534332e+03 5.598802615626918316e-16
3.569886180696456904e+03 5.240992579683548172e-16
3.571894303719306663e+03 6.192817964180784999e-16
3.573902417314141985e+03 5.133054899670957007e-16
3.575910521465019883e+03 6.238626580069794658e-16
3.577918616155999189e+03 4.955230179847593281e-16
3.579926701371136005e+03 5.899335229233746074e-16
3.581934777094489164e+03 4.586152134183172392e-16
3.583942843310115677e+03 4.246791784425364136e-16
3.585950900002073922e+03 5.120991334529451935e-16
3.587958947154420912e+03 4.920637801975242255e-16
3.589966984751214568e+03 4.443955864945723106e-16
3.591975012776512358e+03 4.782837147811475765e-16
3.593983031214372659e+03 4.836912830074755441e-16
3.595991040048852028e+03 5.005576528649160317e-16
3.597999039264008843e+03 6.339971012005239031e-16
3.600007028843901026e+03 5.239094229978468365e-16
3.602015008772585134e+03 4.229928376705137424e-16
3.604022979034119999e+03 5.114392773390670661e-16
3.606030939612563088e+03 5.344075953020159690e-16
3.608038890491971870e+03 4.649216287293133770e-16
3.610046831656403356e+03 5.294980551880960738e-16
3.612054763089916378e+03 5.286221629188269663e-16
3.614062684776567949e+03 4.222782370329745757e-16
3.616070596700415990e+03 4.839587574373012425e-16
3.618078498845517515e+03 6.388627645435831124e-16
3.620086391195931355e+03 5.331567631114867741e-16
3.622094273735714069e+03 5.422457049294486882e-16
3.624102146448924032e+03 3.917963306599462880e-16
3.626110009319618712e+03 5.388944196924694384e-16
3.628117862331855576e+03 4.822484061634164887e-16
3.630125705469692548e+03 5.914708988702931634e-16
3.632133538717187093e+03 4.854270126131781963e-16
3.634141362058397135e+03 4.753339681244925163e-16
3.636149175477380595e+03 6.762998771755335096e-16
3.638156978958194031e+03 4.582433329648819623e-16
3.640164772484896275e+03 6.338027666210887084e-16
3.642172556041544340e+03 4.122917891061340299e-16
3.644180329612196147e+03 4.582883501062139080e-16
3.646188093180909618e+03 5.316313558898341892e-16
3.648195846731741767e+03 6.216139824510722141e-16
3.650203590248750970e+03 5.643829339746642101e-16
3.652211323715994240e+03 5.659126292935593604e-16
3.654219047117529954e+03 6.460243620307853335e-16
3.656226760437415123e+03 6.215103592476320468e-16
3.658234463659707671e+03 6.512239825290802057e-16
3.660242156768465065e+03 5.405893454535406817e-16
3.662249839747745682e+03 5.255436669822762940e-16
3.664257512581606534e+03 6.113045855130148405e-16
3.666265175254105088e+03 5.691826312691239910e-16
3.668272827749299722e+03 5.794753413499483333e-16
3.670280470051247903e+03 5.107830764822444246e-16
3.672288102144006643e+03 6.658179367030811927e-16
3.674295724011634775e+03 5.879625409293103211e-16
3.676303335638188855e+03 5.813473957266711007e-16
3.678310937007727262e+03 5.736807705302744156e-16
3.680318528104307006e+03 4.851593768742353893e-16
3.682326108911986921e+03 3.225007209323497567e-16
3.684333679414823109e+03 5.252670596401617791e-16
3.686341239596874402e+03 6.457687686481740950e-16
3.688348789442198267e+03 4.689878547929778975e-16
3.690356328934852172e+03 6.087315657313165072e-16
3.692363858058893584e+03 4.297572176688784196e-16
3.694371376798380879e+03 4.794220248721836665e-16
3.696378885137371071e+03 5.593149427924528339e-16
3.698386383059921627e+03 3.723034355546877209e-16
3.700393870550090924e+03 4.489116638144109147e-16
3.702401347591936428e+03 4.560921454847035434e-16
3.704408814169515608e+03 5.161419884508532737e-16
3.706416270266886386e+03 5.464217646411855228e-16
3.708423715868106228e+03 4.689867898991166617e-16
3.710431150957233058e+03 5.308118878062522674e-16
3.712438575518323887e+03 4.649946518668352296e-16
3.714445989535437093e+03 5.461257382493080504e-16
3.716453392992630143e+03 4.918569175756997157e-16
3.718460785873960504e+03 4.695526584727230065e-16
3.720468168163486098e+03 4.578938115287683921e-16
3.722475539845264393e+03 5.319284800216321685e-16
3.724482900903353311e+03 5.162292117560524493e-16
3.726490251321810319e+03 4.924558612630163773e-16
3.728497591084693340e+03 5.461706226111065665e-16
3.730504920176059386e+03 5.123032890403841973e-16
3.732512238579966834e+03 3.759402082501305102e-16
3.734519546280473151e+03 4.239431738453511091e-16
3.736526843261635804e+03 5.296258833751621319e-16
3.738534129507512716e+03 4.710524235200380628e-16
3.740541405002161355e+03 5.802409729032291706e-16
3.742548669729639641e+03 5.588391144614692001e-16
3.744555923674005044e+03 4.831195369373292153e-16
3.746563166819315484e+03 5.875263222497035809e-16
3.748570399149627974e+03 5.041444966083525131e-16
3.750577620649000892e+03 5.794376690181567284e-16
3.752584831301491704e+03 4.781227068703682748e-16
3.754592031091157878e+03 3.946945757055052518e-16
3.756599220002057336e+03 5.638715454844479107e-16
3.758606398018247546e+03 5.999003189490062240e-16
3.760613565123786429e+03 2.268581518269363220e-16
3.762620721302730999e+03 5.469697746231611776e-16
3.764627866539140086e+03 4.854045311491298662e-16
3.766635000817070249e+03 4.160447986934831704e-16
3.768642124120579865e+03 4.724818059092565690e-16
3.770649236433726401e+03 4.267384314290976991e-16
3.772656337740567324e+03 4.847544830292002579e-16
3.774663428025160101e+03 5.269466439929570560e-16
3.776670507271563110e+03 4.681085932136124346e-16
3.778677575463833819e+03 6.308825619486041149e-16
3.780684632586029238e+03 5.163754147247247768e-16
3.782691678622208201e+03 4.222888042625116132e-16
3.784698713556426810e+03 4.191803074402164558e-16
3.786705737372744352e+03 4.614563313077405538e-16
3.788712750055217839e+03 5.124368609634039474e-16
3.790719751587904284e+03 4.514873282021805277e-16
3.792726741954862518e+03 4.924030476331147732e-16
3.794733721140149100e+03 4.186157649396445081e-16
3.796740689127822861e+03 5.003876947223820514e-16
3.798747645901940359e+03 4.298617223107699522e-16
3.800754591446559971e+03 4.492048070240247042e-16
3.802761525745739164e+03 5.831103826736942075e-16
3.804768448783535405e+03 3.976436881002752407e-16
3.806775360544006617e+03 4.026671864256749920e-16
3.808782261011210721e+03 3.990900145661736758e-16
3.810789150169204731e+03 5.811601795494615472e-16
3.812796028002047024e+03 4.590614299531990003e-16
3.814802894493794611e+03 3.782505039534350407e-16
3.816809749628505415e+03 4.920524407566722573e-16
3.818816593390236903e+03 6.329446083174109103e-16
3.820823425763047453e+03 5.466572440504622247e-16
3.822830246730994077e+03 5.058434671210181246e-16
3.824837056278134696e+03 5.549893082462733598e-16
3.826843854388526779e+03 4.633526633764356471e-16
3.828850641046228247e+03 4.527289443824351671e-16
3.830857416235296569e+03 4.768488351421920407e-16
3.832864179939789210e+03 4.869037932787115106e-16
3.834870932143764549e+03 6.399399041240111027e-16
3.836877672831279597e+03 4.275786502464041890e-16
3.838884401986392731e+03 3.805500485561560024e-16
3.840891119593160511e+03 4.742127851075674558e-16
3.842897825635641311e+03 5.598123459858739769e-16
3.844904520097893055e+03 4.702857360178438309e-16
3.846911202963973210e+03 6.117529855298077461e-16
3.848917874217939243e+03 5.275603826973679377e-16
3.850924533843848621e+03 4.717450653581591458e-16
3.852931181825759268e+03 5.771907220453077583e-16
3.854937818147729104e+03 4.523571350239446318e-16
3.856944442793815142e+03 4.611391314612427447e-16
3.858951055748076215e+03 4.288925764482934840e-16
3.860957656994568424e+03 4.433090046402129468e-16
3.862964246517351057e+03 4.071444602921622595e-16
3.864970824300480672e+03 3.997445940238999753e-16
3.866977390328015190e+03 5.034293499973148127e-16
3.868983944584012534e+03 3.996322239909830944e-16
3.870990487052529716e+03 4.803152726230561346e-16
3.872997017717625567e+03 4.368801562243812813e-16
3.875003536563356647e+03 4.333672351698602263e-16
3.877010043573780877e+03 4.761727312902249110e-16
3.879016538732956633e+03 5.059255613615614286e-16
3.881023022024940474e+03 5.677534488065126898e-16
3.883029493433791231e+03 6.143438247033345005e-16
3.885035952943565462e+03 5.013533337993394463e-16
3.887042400538321999e+03 4.908254946849912280e-16
3.889048836202116945e+03 5.743561114834764394e-16
3.891055259919009586e+03 6.212099653826780001e-16
3.893061671673056935e+03 4.723771842576284529e-16
3.895068071448316459e+03 7.609068942736653341e-16
3.897074459228845626e+03 5.861730822867169142e-16
3.899080834998703267e+03 6.364344270493607045e-16
3.901087198741945940e+03 6.506125065433764612e-16
3.903093550442631113e+03 6.798396242710620414e-16
3.905099890084817616e+03 6.361408402622309387e-16
3.907106217652562009e+03 5.800081593366779931e-16
3.909112533129922667e+03 6.710000308875672757e-16
3.911118836500957059e+03 5.415473292937335037e-16
3.913125127749723106e+03 7.055805653457279710e-16
3.915131406860277821e+03 6.221214546554398292e-16
3.917137673816679126e+03 5.880273523158172444e-16
3.919143928602984943e+03 5.894619503499266295e-16
3.921150171203253194e+03 6.545453219924134757e-16
3.923156401601540438e+03 6.723855529022119523e-16
3.925162619781905505e+03 6.564623159365536123e-16
3.927168825728405864e+03 6.811481571863181099e-16
3.929175019425098071e+03 6.576995923805905118e-16
3.931181200856041414e+03 6.700896061719495894e-16
3.933187370005292905e+03 5.822804923918900419e-16
3.935193526856909557e+03 6.847229939014953773e-16
3.937199671394949746e+03 7.113934099313110078e-16
3.939205803603471395e+03 5.231773258182225465e-16
3.941211923466531516e+03 6.286472724352407984e-16
3.943218030968188032e+03 6.069978549214186014e-16
3.945224126092498409e+03 5.892370781918591363e-16
3.947230208823521025e+03 5.766549413995952535e-16
3.949236279145312892e+03 4.771032397615024109e-16
3.951242337041931478e+03 6.264556576356666420e-16
3.953248382497435159e+03 5.169789190692049416e-16
3.955254415495881403e+03 5.608986717327805523e-16
3.957260436021327223e+03 5.254325913731768511e-16
3.959266444057830995e+03 5.188498474736735105e-16
3.961272439589450642e+03 5.846670347119819867e-16
3.963278422600242720e+03 4.863012269481208087e-16
3.965284393074266063e+03 5.200556917282364720e-16
3.967290350995577683e+03 4.336687208727318453e-16
3.969296296348235046e+03 5.389960453841756594e-16
3.971302229116296985e+03 4.323602112508929907e-16
3.973308149283819603e+03 4.983971999427932708e-16
3.975314056834861276e+03 6.277127184578545357e-16
3.977319951753480382e+03 4.121884517960827801e-16
3.979325834023733478e+03 5.276991876815641512e-16
3.981331703629678941e+03 4.334526531335046486e-16
3.983337560555373784e+03 5.574251585157449456e-16
3.985343404784876384e+03 4.447813852747640483e-16
3.987349236302244208e+03 5.187105858565331357e-16
3.989355055091534723e+03 4.733637114097301208e-16
3.991360861136805852e+03 4.959912031921504826e-16
3.993366654422115062e+03 4.998881571371471169e-16
3.995372434931519820e+03 4.939342723638007402e-16
3.997378202649078048e+03 3.672967541899945313e-16
3.999383957558847669e+03 5.246238348781326583e-16
4.001389699644885695e+03 4.118502768714165759e-16
4.003395428891250504e+03 3.501743571298936620e-16
4.005401145281999561e+03 4.215901828033747824e-16
4.007406848801190336e+03 4.126561508178986652e-16
4.009412539432880749e+03 4.422864174467986176e-16
4.011418217161127814e+03 4.953379367700427027e-16
4.013423881969989907e+03 4.362597624311006976e-16
4.015429533843524950e+03 4.900674104557890070e-16
4.017435172765789503e+03 4.731988110751937431e-16
4.019440798720842395e+03 4.504649459150024502e-16
4.021446411692740639e+03 4.749749181038773687e-16
4.023452011665542159e+03 4.429295343138745862e-16
4.025457598623303966e+03 4.961680145835866531e-16
4.027463172550084892e+03 3.929125221840800890e-16
4.029468733429941494e+03 4.961878280989073203e-16
4.031474281246932605e+03 4.315832942432281344e-16
4.033479815985114783e+03 3.298403419866696597e-16
4.035485337628546404e+03 4.820045678317983567e-16
4.037490846161284480e+03 4.191440778419347654e-16
4.039496341567386935e+03 4.772840772057151361e-16
4.041501823830912144e+03 3.775119257209000880e-16
4.043507292935916666e+03 4.331935381042038501e-16
4.045512748866459333e+03 3.917377875409126787e-16
4.047518191606596702e+03 3.883273827091333557e-16
4.049523621140387149e+03 4.162873294136414083e-16
4.051529037451888144e+03 4.395589852264492013e-16
4.053534440525157152e+03 4.644169210977768867e-16
4.055539830344252550e+03 4.267440375966341504e-16
4.057545206893230898e+03 4.114313262245272571e-16
4.059550570156150570e+03 3.698518144575762866e-16
4.061555920117069491e+03 4.574191917038202338e-16
4.063561256760044671e+03 4.148114580825675795e-16
4.065566580069134034e+03 4.830979569602852059e-16
4.067571890028395501e+03 4.215938386733440315e-16
4.069577186621886540e+03 4.048969850430636040e-16
4.071582469833664618e+03 3.423573975492750929e-16
4.073587739647787203e+03 4.577928716044335931e-16
4.075592996048313125e+03 5.515288839987005433e-16
4.077598239019298944e+03 4.135314856331790728e-16
4.079603468544802581e+03 4.572060226613788674e-16
4.081608684608881958e+03 5.461935964584032953e-16
4.083613887195594543e+03 3.565141466562687815e-16
4.085619076288997803e+03 4.201736472205568376e-16
4.087624251873149660e+03 5.765350733407062208e-16
4.089629413932108037e+03 4.407205224068300496e-16
4.091634562449930399e+03 4.829449504113254970e-16
4.093639697410673762e+03 4.170892332385845113e-16
4.095644818798396955e+03 4.230640904930910365e-16
4.097649926597156991e+03 3.271566598816685815e-16
4.099655020791011339e+03 4.825792896879964144e-16
4.101660101364018374e+03 4.578048907626976146e-16
4.103665168300235564e+03 4.465978425813895341e-16
4.105670221583719467e+03 4.975647631033197096e-16
4.107675261198529370e+03 4.611620195503119261e-16
4.109680287128721830e+03 4.032791157814470220e-16
4.111685299358354314e+03 4.266886591329704062e-16
4.113690297871486109e+03 3.883380116175460518e-16
4.115695282652173773e+03 4.322139488765264905e-16
4.117700253684474774e+03 5.564673558343523747e-16
4.119705210952446578e+03 3.209849371039939356e-16
4.121710154440148472e+03 5.320953050839653348e-16
4.123715084131636104e+03 3.739313165898044023e-16
4.125720000010967851e+03 4.683002458216941760e-16
4.127724902062202091e+03 3.591507114987050636e-16
4.129729790269396290e+03 4.509367453606644264e-16
4.131734664616607006e+03 3.357659714338565243e-16
4.133739525087892616e+03 4.101107499180478390e-16
4.135744371667311498e+03 4.237923944693335573e-16
4.137749204338921118e+03 5.242861879510980605e-16
4.139754023086778034e+03 3.963958074991009034e-16
4.141758827894940623e+03 4.823150403540889161e-16
4.143763618747465443e+03 3.400461353377745899e-16
4.145768395628412691e+03 5.166025396430348091e-16
4.147773158521838923e+03 4.468674282612967953e-16
4.149777907411800697e+03 4.785281216802440974e-16
4.151782642282356392e+03 3.843023631125865058e-16
4.153787363117563473e+03 4.197523633544614792e-16
4.155792069901480318e+03 4.206997827167989471e-16
4.157796762618164394e+03 3.793623015074621067e-16
4.159801441251673168e+03 4.593676265795468811e-16
4.161806105786063199e+03 3.984859376733512318e-16
4.163810756205394682e+03 4.662134808303760920e-16
4.165815392493723266e+03 4.119202290048698692e-16
4.167820014635106418e+03 5.041001014970468089e-16
4.169824622613603424e+03 5.038979562673503417e-16
4.171829216413270842e+03 4.256800725000413003e-16
4.173833796018167050e+03 4.033976890263437235e-16
4.175838361412348604e+03 4.200247914378772773e-16
4.177842912579874792e+03 6.262165178695471007e-16
4.179847449504801261e+03 4.670484451550007651e-16
4.181851972171187299e+03 4.695483185305871297e-16
4.183856480563090372e+03 4.413083144608374579e-16
4.185860974664567038e+03 3.988889504150550740e-16
4.187865454459676585e+03 4.721110219463594771e-16
4.189869919932474659e+03 5.165220648328265520e-16
4.191874371067021457e+03 4.245891046603201192e-16
4.193878807847372627e+03 4.459975134443966693e-16
4.195883230257586547e+03 4.161430325716561210e-16
4.197887638281720683e+03 3.375422271206851592e-16
4.199892031903833413e+03 4.503548083664076415e-16
4.201896411107981294e+03 3.035286542235797462e-16
4.203900775878222703e+03 5.232524065478105058e-16
4.205905126198615108e+03 4.914694969113396356e-16
4.207909462053215975e+03 4.445193530143962691e-16
4.209913783426083683e+03 4.280693453539293394e-16
4.211918090301275697e+03 3.968645100186073358e-16
4.213922382662849486e+03 3.957452817231878928e-16
4.215926660494861608e+03 5.089605356664228823e-16
4.217930923781372258e+03 4.904798763431119714e-16
4.219935172506436174e+03 5.147546346914463124e-16
4.221939406654113554e+03 5.437006994355804863e-16
4.223943626208460955e+03 4.175775182108206476e-16
4.225947831153534935e+03 4.258155144406220886e-16
4.227952021473395689e+03 3.725560604362018235e-16
4.229956197152098866e+03 3.875591280625679108e-16
4.231960358173702843e+03 3.814507578107021145e-16
4.233964504522265997e+03 4.134992173514620343e-16
4.235968636181843976e+03 3.495610975576213626e-16
4.237972753136496976e+03 4.889721243236027023e-16
4.239976855370280646e+03 4.495842420845127060e-16
4.241980942867253361e+03 5.144260283887619392e-16
4.243985015611473500e+03 5.125985413283581980e-16
4.245989073586997620e+03 4.688977717896662473e-16
4.247993116777883188e+03 4.451111213591025636e-16
4.249997145168189491e+03 4.470125471805720511e-16
4.252001158741973086e+03 4.681942214134306315e-16
4.254005157483292351e+03 4.622902855655829097e-16
4.256009141376202933e+03 4.322829675301011115e-16
4.258013110404765030e+03 3.543696235746365129e-16
4.260017064553034288e+03 4.680641550368926564e-16
4.262021003805070904e+03 4.638896032867651019e-16
4.264024928144929618e+03 4.808321407510610324e-16
4.266028837556670624e+03 4.712732896776331381e-16
4.268032732024349571e+03 4.933346103430312636e-16
4.270036611532024835e+03 4.833225857692211880e-16
4.272040476063754795e+03 3.722507200232756889e-16
4.274044325603596008e+03 5.466508605453610019e-16
4.276048160135607759e+03 5.422191445191050863e-16
4.278051979643845698e+03 5.472228429559913103e-16
4.280055784112368201e+03 5.258452867444105023e-16
4.282059573525233645e+03 6.131236024960160885e-16
4.284063347866499498e+03 5.341448197984254869e-16
4.286067107120223227e+03 5.501337388241159915e-16
4.288070851270462299e+03 5.517242805627342603e-16
4.290074580301274182e+03 5.704835437753597145e-16
4.292078294196717252e+03 5.784283749537988924e-16
4.294081992940848068e+03 5.827071794906123692e-16
4.296085676517725005e+03 5.176289730766180557e-16
4.298089344911406442e+03 6.315231731572928843e-16
4.300092998105949846e+03 6.572106269062568084e-16
4.302096636085411774e+03 5.989088795257563558e-16
4.304100258833850603e+03 6.228380473132596003e-16
4.306103866335324710e+03 6.960788911226552342e-16
4.308107458573889744e+03 5.825195684932275759e-16
4.310111035533605900e+03 7.186656528829268831e-16
4.312114597198527917e+03 5.925201692866180763e-16
4.314118143552715992e+03 7.722433550360196739e-16
4.316121674580227591e+03 7.351748735154689736e-16
4.318125190265119272e+03 8.048139029714605938e-16
4.320128690591448503e+03 8.491904200701086551e-16
4.322132175543274570e+03 8.339683193325672978e-16
4.324135645104653122e+03 9.939737635668329766e-16
4.326139099259644354e+03 1.036671429665260759e-15
4.328142537992303005e+03 1.184525582553473477e-15
4.330145961286689271e+03 1.267845936474706461e-15
4.332149369126858801e+03 1.156531669535445113e-15
4.334152761496870880e+03 1.124455323815204864e-15
4.336156138380782068e+03 1.486030850155983296e-15
4.338159499762650739e+03 1.277237394211356721e-15
4.340162845626534363e+03 1.256302541224298575e-15
4.342166175956490406e+03 1.286197577362522959e-15
4.344169490736576336e+03 1.264629914116641464e-15
4.346172789950850529e+03 1.243387042186575520e-15
4.348176073583370453e+03 1.207366561179367724e-15
4.350179341618193575e+03 1.089708989569618686e-15
4.352182594039377364e+03 1.066861625261337241e-15
4.354185830830980194e+03 1.092822710596228351e-15
4.356189051977058625e+03 1.000958827706834806e-15
4.358192257461671034e+03 8.401021694663562930e-16
4.360195447268874887e+03 8.295794077878506808e-16
4.362198621382728561e+03 8.446674298832135275e-16
4.364201779787288615e+03 7.780854268923860240e-16
4.366204922466613425e+03 7.820341019702058083e-16
4.368208049404760459e+03 8.672647608906782418e-16
4.370211160585788093e+03 8.384814998351246149e-16
4.372214255993752886e+03 6.646387375929938018e-16
4.374217335612712304e+03 8.027099874826433680e-16
4.376220399426725635e+03 7.079542536599223590e-16
4.378223447419848526e+03 8.228822391817845580e-16
4.380226479576140264e+03 8.466289348733850715e-16
4.382229495879658316e+03 6.718209184034640254e-16
4.384232496314459240e+03 6.622746999794856261e-16
4.386235480864602323e+03 7.497786866344586269e-16
4.388238449514143213e+03 7.052399459226248023e-16
4.390241402247142105e+03 6.941902254538489394e-16
4.392244339047654648e+03 5.861290475091742498e-16
4.394247259899738310e+03 6.379373329618521810e-16
4.396250164787452377e+03 7.028274693629291323e-16
4.398253053694854316e+03 6.429524652624563651e-16
4.400255926605999775e+03 4.818279947209444465e-16
4.402258783504948951e+03 4.793349158367582156e-16
4.404261624375757492e+03 6.484979830940096533e-16
4.406264449202484684e+03 6.125090613095207769e-16
4.408267257969187995e+03 4.605164031184077789e-16
4.410270050659923982e+03 7.267556617054753615e-16
4.412272827258751022e+03 5.767868680259643535e-16
4.414275587749726583e+03 5.782576402010721486e-16
4.416278332116908132e+03 5.813365664852088607e-16
4.418281060344354046e+03 5.299049792886916976e-16
4.420283772416121792e+03 4.056206523690817811e-16
4.422286468316268838e+03 6.027167361177756276e-16
4.424289148028852651e+03 5.664283475846920257e-16
4.426291811537931608e+03 4.711932434723862183e-16
4.428294458827562266e+03 5.357236518760455259e-16
4.430297089881803004e+03 6.255647463119819707e-16
4.432299704684712196e+03 4.438962371358280941e-16
4.434302303220345493e+03 3.562140315649751870e-16
4.436304885472762180e+03 5.485925382474287894e-16
4.438307451426020634e+03 4.755649728206813974e-16
4.440310001064175594e+03 4.155305260613662229e-16
4.442312534371288166e+03 4.393332070066502809e-16
4.444315051331413997e+03 5.100436711072311946e-16
4.446317551928610555e+03 4.892568831384008294e-16
4.448320036146936218e+03 4.092881737355590374e-16
4.450322503970449361e+03 4.938449018002453307e-16
4.452324955383206543e+03 6.355222950950410759e-16
4.454327390369265231e+03 4.658130824699766513e-16
4.456329808912683802e+03 3.518853682499717197e-16
4.458332210997519724e+03 4.258395555997802297e-16
4.460334596607831372e+03 4.700403382429081601e-16
4.462336965727674396e+03 5.060950045633034568e-16
4.464339318341108992e+03 3.567122184247189516e-16
4.466341654432191717e+03 3.732879906209300341e-16
4.468343973984979129e+03 4.569160590667608419e-16
4.470346276983530515e+03 3.907951319974566027e-16
4.472348563411903342e+03 4.612791088248106734e-16
4.474350833254154168e+03 4.487107946435065616e-16
4.476353086494341369e+03 5.189822003439245231e-16
4.478355323116523323e+03 5.414105480349581893e-16
4.480357543104756587e+03 4.013028731350361925e-16
4.482359746443098629e+03 4.649827515103532984e-16
4.484361933115608736e+03 3.879397531883499127e-16
4.486364103106343464e+03 4.553886648457283242e-16
4.488366256399360282e+03 4.428405422428096654e-16
4.490368392978716656e+03 4.838942813372424726e-16
4.492370512828471874e+03 3.454317907868845596e-16
4.494372615932681583e+03 3.936998956771856996e-16
4.496374702275405070e+03 4.212252729299875755e-16
4.498376771840698893e+03 3.674707337333218529e-16
4.500378824612620519e+03 4.245804967697248831e-16
4.502380860575229235e+03 4.477583472083397865e-16
4.504382879712581598e+03 3.608940895538062562e-16
4.506384882008735076e+03 3.954074582291354711e-16
4.508386867447747136e+03 5.154167209550011259e-16
4.510388836013677064e+03 3.796081057473505173e-16
4.512390787690580510e+03 3.814309883601024279e-16
4.514392722462516758e+03 3.070769695522634112e-16
4.516394640313542368e+03 3.583532795511752177e-16
4.518396541227715716e+03 3.664792807994081950e-16
4.520398425189094269e+03 3.937820155388002252e-16
4.522400292181734585e+03 4.679595105044787231e-16
4.524402142189695951e+03 3.737586494767280311e-16
4.526403975197035834e+03 4.590767372086276700e-16
4.528405791187811701e+03 2.250791451800788572e-16
4.530407590146080111e+03 4.687549389628739898e-16
4.532409372055899439e+03 4.437842076660328038e-16
4.534411136901328064e+03 3.773064760179121469e-16
4.536412884666423452e+03 3.550920425870438930e-16
4.538414615335243070e+03 4.021746737286463556e-16
4.540416328891844387e+03 4.416694754096447022e-16
4.542418025320284869e+03 4.085348568623172538e-16
4.544419704604622893e+03 4.789981148152749440e-16
4.546421366728915018e+03 3.889556492757494730e-16
4.548423011677219620e+03 3.698534438629849541e-16
4.550424639433595075e+03 4.217035750767233064e-16
4.552426249982097943e+03 4.800294879281810045e-16
4.554427843306786599e+03 3.004853172278604735e-16
4.556429419391717602e+03 3.897981023149664524e-16
4.558430978220950237e+03 3.780623389950006206e-16
4.560432519778541064e+03 4.329948454570995612e-16
4.562434044048548458e+03 4.434782938365921488e-16
4.564435551015028977e+03 4.254437460943608325e-16
4.566437040662040999e+03 5.631437282253049807e-16
4.568438512973642901e+03 3.413640222528052631e-16
4.570439967933891239e+03 4.412334141762437335e-16
4.572441405526844392e+03 4.696777308877994319e-16
4.574442825736558916e+03 3.011857808866022897e-16
4.576444228547094099e+03 4.565616776497467650e-16
4.578445613942505588e+03 3.843635539123589131e-16
4.580446981906853580e+03 5.934098113332917280e-16
4.582448332424193723e+03 4.058759166391212176e-16
4.584449665478585302e+03 4.843950406035188717e-16
4.586450981054083968e+03 5.037401958821685972e-16
4.588452279134749006e+03 4.672929069974898994e-16
4.590453559704636973e+03 5.019675607640155292e-16
4.592454822747806247e+03 4.567907692756298866e-16
4.594456068248315205e+03 4.312633495836038821e-16
4.596457296190220404e+03 3.965161255453755254e-16
4.598458506557579312e+03 3.761309277101336034e-16
4.600459699334451216e+03 3.875746509086958342e-16
4.602460874504891763e+03 5.132633117846619933e-16
4.604462032052959330e+03 3.867702723996801857e-16
4.606463171962712295e+03 5.282945231540268526e-16
4.608464294218207215e+03 3.957003309456787030e-16
4.610465398803502467e+03 3.764674809626968994e-16
4.612466485702656428e+03 4.548270884001309871e-16
4.614467554899725656e+03 4.418938063103936850e-16
4.616468606378767618e+03 4.386343308107503650e-16
4.618469640123840691e+03 3.388424076517610709e-16
4.620470656119002342e+03 4.749151543689753892e-16
4.622471654348310039e+03 4.857403984302784297e-16
4.624472634795822160e+03 3.283407699789375973e-16
4.626473597445594351e+03 4.180953990571069720e-16
4.628474542281687718e+03 4.631742347705057858e-16
4.630475469288157001e+03 4.076356609737975567e-16
4.632476378449060576e+03 5.116280177990216261e-16
4.634477269748456820e+03 3.095015382263202784e-16
4.636478143170403200e+03 4.848960093673478315e-16
4.638478998698957184e+03 5.171644546186495443e-16
4.640479836318176240e+03 4.374114809640914870e-16
4.642480656012117834e+03 4.279151800221782718e-16
4.644481457764841252e+03 3.725200421704312973e-16
4.646482241560401235e+03 3.661382442993596186e-16
4.648483007382857977e+03 4.717376351073472863e-16
4.650483755216268037e+03 3.823580410057840687e-16
4.652484485044689791e+03 3.936592622033919537e-16
4.654485196852180707e+03 3.866079919274705916e-16
4.656485890622798252e+03 4.375837149811278582e-16
4.658486566340598984e+03 4.185791613421882505e-16
4.660487223989642189e+03 5.854286110344169194e-16
4.662487863553985335e+03 4.416841658376523958e-16
4.664488485017685889e+03 3.730581112598393994e-16
4.666489088364800409e+03 3.676328306222370179e-16
4.668489673579388182e+03 5.016199741050813399e-16
4.670490240645506674e+03 3.715339252290396775e-16
4.672490789547213353e+03 2.986852971115149817e-16
4.674491320268564778e+03 3.855832386630112771e-16
4.676491832793619324e+03 4.013076379525596785e-16
4.678492327106435368e+03 4.970375723706816668e-16
4.680492803191069470e+03 4.483839175950487515e-16
4.682493261031580914e+03 3.291389502700323649e-16
4.684493700612025350e+03 4.530620799729319441e-16
4.686494121916462063e+03 4.563168116540438763e-16
4.688494524928947612e+03 4.387366136576290464e-16
4.690494909633540374e+03 4.943180011060613614e-16
4.692495276014298724e+03 4.351411022628460332e-16
4.694495624055278313e+03 4.551273788200787944e-16
4.696495953740537516e+03 3.222475311848846215e-16
4.698496265054134710e+03 4.415821210799307903e-16
4.700496557980127363e+03 5.111634593525161583e-16
4.702496832502572943e+03 3.374139287969217689e-16
4.704497088605529825e+03 4.453479846317526265e-16
4.706497326273054568e+03 4.925300820018622672e-16
4.708497545489204640e+03 4.505595511191710187e-16
4.710497746238039326e+03 4.726674478887085615e-16
4.712497928503615185e+03 4.848865722909596523e-16
4.714498092269989684e+03 3.593765603141751088e-16
4.716498237521221199e+03 4.494923488185739077e-16
4.718498364241366289e+03 3.309623006227695330e-16
4.720498472414484240e+03 3.343251664591228193e-16
4.722498562024632520e+03 4.694832808256728919e-16
4.724498633055866776e+03 4.851014060835009240e-16
4.726498685492246295e+03 3.933037621300468798e-16
4.728498719317829455e+03 4.909987664668181401e-16
4.730498734516671902e+03 3.281890215593451903e-16
4.732498731072832925e+03 3.635966259554989440e-16
4.734498708970369989e+03 4.044965645943430143e-16
4.736498668193339654e+03 3.644126180322374133e-16
4.738498608725800295e+03 3.761746355824384500e-16
4.740498530551810290e+03 4.344411286652719596e-16
4.742498433655426197e+03 3.725734061225597531e-16
4.744498318020706392e+03 4.120348154961883153e-16
4.746498183631708343e+03 4.461016682687656467e-16
4.748498030472489518e+03 2.959987994342400983e-16
4.750497858527107383e+03 4.138330023688219601e-16
4.752497667779621224e+03 3.126010055083930537e-16
4.754497458214085782e+03 3.718933936308716442e-16
4.756497229814562161e+03 3.609960760237144262e-16
4.758496982565105100e+03 2.654377568335807494e-16
4.760496716449773885e+03 3.047591674105766487e-16
4.762496431452625075e+03 3.724805470430962405e-16
4.764496127557717045e+03 3.761036223873923997e-16
4.766495804749108174e+03 3.291782475966347474e-16
4.768495463010855019e+03 2.925664734254209945e-16
4.770495102327015047e+03 3.471601919740519092e-16
4.772494722681647545e+03 3.340634532783007384e-16
4.774494324058809070e+03 4.251081704797953132e-16
4.776493906442556181e+03 3.792460947706977702e-16
4.778493469816949073e+03 3.414946367959360773e-16
4.780493014166043395e+03 3.185901935564424561e-16
4.782492539473897523e+03 3.721310247595278888e-16
4.784492045724568925e+03 4.032049358170693122e-16
4.786491532902115068e+03 3.846536199710217248e-16
4.788491000990595239e+03 3.550110486352063245e-16
4.790490449974065086e+03 4.156633394878943021e-16
4.792489879836582986e+03 3.452113097920913731e-16
4.794489290562206406e+03 3.491943611341907462e-16
4.796488682134993724e+03 3.064989514094364234e-16
4.798488054539002405e+03 3.800468717645954689e-16
4.800487407758289010e+03 2.519858451040303289e-16
4.802486741776912822e+03 3.242825739855492276e-16
4.804486056578930402e+03 3.233565419396399272e-16
4.806485352148400125e+03 3.859409463863804358e-16
4.808484628469378549e+03 3.334946815150951460e-16
4.810483885525924052e+03 4.610337437971014407e-16
4.812483123302095009e+03 3.216230454607236429e-16
4.814482341781947980e+03 3.320771283575392724e-16
4.816481540949541341e+03 3.345704382504565940e-16
4.818480720788932558e+03 3.630408237506767224e-16
4.820479881284179100e+03 3.347099267720442674e-16
4.822479022419339344e+03 3.887174910131002302e-16
4.824478144178469847e+03 3.120675310958017151e-16
4.826477246545628986e+03 3.371768833154245710e-16
4.828476329504874229e+03 1.952572041393613332e-16
4.830475393040263043e+03 3.501282360662983591e-16
4.832474437135853805e+03 3.618621447169344568e-16
4.834473461775703072e+03 3.098275348411096064e-16
4.836472466943870131e+03 2.320256942513869572e-16
4.838471452624410631e+03 3.166384364382480860e-16
4.840470418801383857e+03 1.781635212122342228e-16
4.842469365458846369e+03 4.199455152090768043e-16
4.844468292580857451e+03 2.773229604963842633e-16
4.846467200151472753e+03 3.441853557704882124e-16
4.848466088154751560e+03 2.356920040082225970e-16
4.850464956574750431e+03 3.733471912115128128e-16
4.852463805395527743e+03 2.424703538966123719e-16
4.854462634601140962e+03 2.282822209217513567e-16
4.856461444175647557e+03 3.395662249081398622e-16
4.858460234103104995e+03 4.037156982885160413e-16
4.860459004367571652e+03 2.497459515291770409e-16
4.862457754953104086e+03 3.408229261474182042e-16
4.864456485843762493e+03 3.193750905970440232e-16
4.866455197023601613e+03 3.322663521543324314e-16
4.868453888476679822e+03 4.789401720390078474e-16
4.870452560187055496e+03 4.360567327633506389e-16
4.872451212138786104e+03 2.920986149816846282e-16
4.874449844315930022e+03 3.438508209805150630e-16
4.876448456702542899e+03 3.979536487262773468e-16
4.878447049282684929e+03 4.164300208575053040e-16
4.880445622040411763e+03 3.318384242227039652e-16
4.882444174959781776e+03 2.749448583755465619e-16
4.884442708024852436e+03 4.593201836544111638e-16
4.886441221219682120e+03 3.433593553133524528e-16
4.888439714528328295e+03 3.090887839827162168e-16
4.890438187934847520e+03 2.713050943368314192e-16
4.892436641423299079e+03 3.655844782325371229e-16
4.894435074977738623e+03 3.070404821765589603e-16
4.896433488582226346e+03 3.891375473170826768e-16
4.898431882220818807e+03 4.147490217940776260e-16
4.900430255877572563e+03 3.089750915763708764e-16
4.902428609536546901e+03 3.204158614348156087e-16
4.904426943181798379e+03 3.653292201273226477e-16
4.906425256797385373e+03 5.352556097939363635e-16
4.908423550367365351e+03 3.942429157636500845e-16
4.910421823875795781e+03 3.561650462021824387e-16
4.912420077306734129e+03 3.082321373287181726e-16
4.914418310644238773e+03 4.023091441297319820e-16
4.916416523872367179e+03 2.781426375003098624e-16
4.918414716975175907e+03 4.191075429438745474e-16
4.920412889936724241e+03 3.210618893453382282e-16
4.922411042741068741e+03 4.195113051915827582e-16
4.924409175372268692e+03 3.333251662123342756e-16
4.926407287814379742e+03 3.522965043161959551e-16
4.928405380051460270e+03 2.269711617908826830e-16
4.930403452067568651e+03 3.394245355204165911e-16
4.932401503846760534e+03 3.871103972882652173e-16
4.934399535373097024e+03 3.727154911915153742e-16
4.936397546630632860e+03 3.642764655771659598e-16
4.938395537603426419e+03 3.691818094097983656e-16
4.940393508275535169e+03 2.884189955159596464e-16
4.942391458631018395e+03 3.962300379905409508e-16
4.944389388653931746e+03 3.275417400129592351e-16
4.946387298328333600e+03 3.925666917837167544e-16
4.948385187638282332e+03 3.124400904650533614e-16
4.950383056567834501e+03 3.928467164399781308e-16
4.952380905101048484e+03 3.048583388942199363e-16
4.954378733221981747e+03 2.867756130185339505e-16
4.956376540914692669e+03 2.886968786238284600e-16
4.958374328163237806e+03 2.401400213790423987e-16
4.960372094951675535e+03 3.896000225791504635e-16
4.962369841264062416e+03 4.331570277668209251e-16
4.964367567084457733e+03 3.648338037496001555e-16
4.966365272396917135e+03 2.597931943210390483e-16
4.968362957185500818e+03 3.301978979069895671e-16
4.970360621434265340e+03 2.335799467640657951e-16
4.972358265127267259e+03 3.942430134802995226e-16
4.974355888248564952e+03 3.237998296888088060e-16
4.976353490782217705e+03 3.562539270705161714e-16
4.978351072712280256e+03 3.036374571778122496e-16
4.980348634022812803e+03 2.866964939035292874e-16
4.982346174697871902e+03 4.040770424314280595e-16
4.984343694721515021e+03 4.204521415755726257e-16
4.986341194077800537e+03 2.917946741697167983e-16
4.988338672750784099e+03 2.295291022114634430e-16
4.990336130724526811e+03 2.624626534670664027e-16
4.992333567983084322e+03 2.404529082692831638e-16
4.994330984510514099e+03 3.194459344276483170e-16
4.996328380290874520e+03 3.044137325971702285e-16
4.998325755308223052e+03 3.950949681886494093e-16
5.000323109546617161e+03 3.076437775149435063e-16
5.002320442990114316e+03 3.035754137058303783e-16
5.004317755622772893e+03 3.393771895594579332e-16
5.006315047428649450e+03 3.582422897954405391e-16
5.008312318391803274e+03 4.195284830123400252e-16
5.010309568496290922e+03 4.523855345908464014e-16
5.012306797726169862e+03 2.824692672410414851e-16
5.014304006065498470e+03 2.442930089830988545e-16
5.016301193498334214e+03 3.986070985824141549e-16
5.018298360008734562e+03 2.901932128366225790e-16
5.020295505580756981e+03 3.631827882773296400e-16
5.022292630198459847e+03 3.078490525229637271e-16
5.024289733845900628e+03 3.154647082353616335e-16
5.026286816507135882e+03 2.982958137701897115e-16
5.028283878166224895e+03 3.734384536437855413e-16
5.030280918807224225e+03 3.541959389171061887e-16
5.032277938414192249e+03 3.111072410269069751e-16
5.034274936971187344e+03 3.090609963191329644e-16
5.036271914462264249e+03 2.701478800811311382e-16
5.038268870871484069e+03 3.409311088050360621e-16
5.040265806182902452e+03 3.399774284933396414e-16
5.042262720380576866e+03 3.522309568404526074e-16
5.044259613448566597e+03 2.534206562429235373e-16
5.046256485370928203e+03 2.988852258069253103e-16
5.048253336131720062e+03 4.525614217690542469e-16
5.050250165714998730e+03 4.832339811433225746e-16
5.052246974104822584e+03 2.922974281809005142e-16
5.054243761285249093e+03 3.206146003477819591e-16
5.056240527240335723e+03 3.118529531934987051e-16
5.058237271954140851e+03 3.930190172455317182e-16
5.060233995410721946e+03 2.969953725830689161e-16
5.062230697594135563e+03 3.279875002962042412e-16
5.064227378488441900e+03 2.680762656244041551e-16
5.066224038077695695e+03 2.747702763414474436e-16
5.068220676345956235e+03 2.613196387923911074e-16
5.070217293277280987e+03 3.500520982189680316e-16
5.072213888855727419e+03 3.287361702514306214e-16
5.074210463065352997e+03 2.999238064437728891e-16
5.076207015890216098e+03 3.072440543036436348e-16
5.078203547314374191e+03 2.210762043576930358e-16
5.080200057321884742e+03 2.684491764961725298e-16
5.082196545896804309e+03 3.036058891894294135e-16
5.084193013023193089e+03 2.542775867757488764e-16
5.086189458685106729e+03 2.875298690651924159e-16
5.088185882866603606e+03 3.807375238496214496e-16
5.090182285551740279e+03 3.115970114457975649e-16
5.092178666724576942e+03 3.909201143544777135e-16
5.094175026369169245e+03 2.532782073284728685e-16
5.096171364469575565e+03 4.015113409253080517e-16
5.098167681009852458e+03 2.764924465452799903e-16
5.100163975974059213e+03 2.718849349209175237e-16
5.102160249346252385e+03 3.688035930456277161e-16
5.104156501110490353e+03 3.633244658899023415e-16
5.106152731250830584e+03 3.389353516061332181e-16
5.108148939751330545e+03 3.584606197186851979e-16
5.110145126596047703e+03 3.978417818790828942e-16
5.112141291769040436e+03 3.304687720340181356e-16
5.114137435254366210e+03 3.772362259787627813e-16
5.116133557036081584e+03 4.530715661693381817e-16
5.118129657098244934e+03 3.736830325528828548e-16
5.120125735424915547e+03 2.620161516957305886e-16
5.122121792000149071e+03 2.553275382418230021e-16
5.124117826808003883e+03 3.009245287699725184e-16
5.126113839832536542e+03 4.025781777225504397e-16
5.128109831057807241e+03 3.881915677120341921e-16
5.130105800467870722e+03 1.643399701267712093e-16
5.132101748046787179e+03 2.479884897722146271e-16
5.134097673778612261e+03 3.063204367995656552e-16
5.136093577647405255e+03 2.146500662213978364e-16
5.138089459637221807e+03 3.866623154915439465e-16
5.140085319732123025e+03 2.226830547065308688e-16
5.142081157916162738e+03 3.277499427219223611e-16
5.144076974173401140e+03 3.185898331851556695e-16
5.146072768487894791e+03 2.575262638541648897e-16
5.148068540843701157e+03 3.713203939291817822e-16
5.150064291224878616e+03 2.719843833269289499e-16
5.152060019615484634e+03 3.301468437364758936e-16
5.154055725999577589e+03 2.958601823977267041e-16
5.156051410361214039e+03 3.654129952891327159e-16
5.158047072684452360e+03 2.423315675406025713e-16
5.160042712953349110e+03 3.770876834112995164e-16
5.162038331151963575e+03 4.270182206452908432e-16
5.164033927264352315e+03 2.769356996197333031e-16
5.166029501274571885e+03 3.165674183519789543e-16
5.168025053166683392e+03 2.238704027544286982e-16
5.170020582924741575e+03 3.607301589436152274e-16
5.172016090532804810e+03 2.807717152391621768e-16
5.174011575974931475e+03 2.976936674515842456e-16
5.176007039235178127e+03 2.025535680016217169e-16
5.178002480297603142e+03 1.754256371578340174e-16
5.179997899146264899e+03 4.504744920459043299e-16
5.181993295765219045e+03 2.931676486581414058e-16
5.183988670138525777e+03 2.750763465177218806e-16
5.185984022250239832e+03 3.562158980011859114e-16
5.187979352084421407e+03 4.046409057769816350e-16
5.189974659625127060e+03 3.388604502659509113e-16
5.191969944856415168e+03 3.986777943960312334e-16
5.193965207762341379e+03 2.073218316873087406e-16
5.195960448326966798e+03 2.350150738590288802e-16
5.197955666534345255e+03 2.277111582222495841e-16
5.199950862368537855e+03 2.913250194316039768e-16
5.201946035813600247e+03 2.820111695146528425e-16
5.203941186853589898e+03 3.495876386030767350e-16
5.205936315472565184e+03 3.181972834275632808e-16
5.207931421654584483e+03 2.979130500756559874e-16
5.209926505383705262e+03 2.934033008630631759e-16
5.211921566643984079e+03 3.163041284877122573e-16
5.213916605419479311e+03 2.381906340279246361e-16
5.215911621694247515e+03 3.269997994625548586e-16
5.217906615452347978e+03 4.047076901661810388e-16
5.219901586677837258e+03 2.679582850755257726e-16
5.221896535354774642e+03 2.722467185595143838e-16
5.223891461467215777e+03 2.666711050196663030e-16
5.225886364999219950e+03 3.434000019947920966e-16
5.227881245934842809e+03 3.052399923998165458e-16
5.229876104258144551e+03 2.630061213245454488e-16
5.231870939953181733e+03 3.064299160988566141e-16
5.233865753004010912e+03 2.549453262655978357e-16
5.235860543394690467e+03 2.981838899349295612e-16
5.237855311109279683e+03 1.674304149107195481e-16
5.239850056131834208e+03 2.473584615522420680e-16
5.241844778446412420e+03 2.994327001851590880e-16
5.243839478037071785e+03 2.702242260722340005e-16
5.245834154887870682e+03 2.272490261673865147e-16
5.247828808982865667e+03 3.653056016483375002e-16
5.249823440306114207e+03 3.135796985589756697e-16
5.251818048841676500e+03 2.916870545094171656e-16
5.253812634573607284e+03 3.895701662299132420e-16
5.255807197485965844e+03 3.905722754669529883e-16
5.257801737562809649e+03 3.759094508609884092e-16
5.259796254788196165e+03 3.696305721235318594e-16
5.261790749146181952e+03 3.190325921095340723e-16
5.263785220620826294e+03 3.479331269100384843e-16
5.265779669196186660e+03 2.152849894061766789e-16
5.267774094856320517e+03 2.997785394249312258e-16
5.269768497585284422e+03 3.344049086145628617e-16
5.271762877367138572e+03 3.537313117804626542e-16
5.273757234185937705e+03 4.287132421694990586e-16
5.275751568025741108e+03 3.905956123583148895e-16
5.277745878870606248e+03 2.800324253457360350e-16
5.279740166704590592e+03 3.043609771956064836e-16
5.281734431511752518e+03 3.704885926592700191e-16
5.283728673276149493e+03 3.103517994892021367e-16
5.285722891981837165e+03 4.373818661415614827e-16
5.287717087612876639e+03 4.102197562546181716e-16
5.289711260153322655e+03 3.672553369781812092e-16
5.291705409587235408e+03 4.066983344271480801e-16
5.293699535898669637e+03 3.761164973075934977e-16
5.295693639071685539e+03 3.541467628833493107e-16
5.297687719090339669e+03 3.273221332620677105e-16
5.299681775938690407e+03 2.594639726096139033e-16
5.301675809600794310e+03 3.180135867301361566e-16
5.303669820060708844e+03 2.860632536877279747e-16
5.305663807302493296e+03 4.569960884378734221e-16
5.307657771310205135e+03 3.511738512619389579e-16
5.309651712067900007e+03 3.602788045764629241e-16
5.311645629559638110e+03 2.941491645434630309e-16
5.313639523769474181e+03 2.495650167387027234e-16
5.315633394681469326e+03 2.903102145520834357e-16
5.317627242279679194e+03 3.381358379852047935e-16
5.319621066548161252e+03 4.584448218000546939e-16
5.321614867470974787e+03 3.887407011159366922e-16
5.323608645032174536e+03 4.902777159693801552e-16
5.325602399215822516e+03 3.604751700131429888e-16
5.327596130005971645e+03 4.103096949449976211e-16
5.329589837386683939e+03 2.375460771925800185e-16
5.331583521342014137e+03 4.435101696975959913e-16
5.333577181856019706e+03 4.217669677605315711e-16
5.335570818912759933e+03 4.589861846851374959e-16
5.337564432496292284e+03 4.773349933957462294e-16
5.339558022590674227e+03 4.666487943838346702e-16
5.341551589179963230e+03 3.869721942791238218e-16
5.343545132248216760e+03 3.628467172739938836e-16
5.345538651779492284e+03 5.000961065481084574e-16
5.347532147757849089e+03 3.827760079040134449e-16
5.349525620167343732e+03 4.915400044556941550e-16
5.351519068992032771e+03 3.681626927522477006e-16
5.353512494215974584e+03 4.182473480134789078e-16
5.355505895823228457e+03 3.854344144219538170e-16
5.357499273797850037e+03 4.160185150991803998e-16
5.359492628123898612e+03 4.738547067139363354e-16
5.361485958785429830e+03 3.736834128399030228e-16
5.363479265766502976e+03 4.023095486412771252e-16
5.365472549051175520e+03 3.762756008455452708e-16
5.367465808623504927e+03 3.406125249611318034e-16
5.369459044467548665e+03 3.497129374741631591e-16
5.371452256567363293e+03 2.995810707346263071e-16
5.373445444907009005e+03 3.361773207826999619e-16
5.375438609470542360e+03 4.082273233943225048e-16
5.377431750242019916e+03 2.586054006560402126e-16
5.379424867205501869e+03 4.196441478605716491e-16
5.381417960345042957e+03 3.598185157171516923e-16
5.383411029644703376e+03 3.497430467418319794e-16
5.385404075088537866e+03 4.330311914169568790e-16
5.387397096660607531e+03 2.980121957725350187e-16
5.389390094344968020e+03 3.724455554097675643e-16
5.391383068125676800e+03 2.392561727513149774e-16
5.393376017986791339e+03 4.281646901925321863e-16
5.395368943912371833e+03 3.780055655502060887e-16
5.397361845886473020e+03 2.866646074363699534e-16
5.399354723893154187e+03 3.189665326852047868e-16
5.401347577916471892e+03 3.591717513398739930e-16
5.403340407940484511e+03 4.328337163123359820e-16
5.405333213949250421e+03 2.647596509089933779e-16
5.407325995926827090e+03 3.390241438787767880e-16
5.409318753857270167e+03 4.242687173701998639e-16
5.411311487724638937e+03 3.413815820764399203e-16
5.413304197512991777e+03 3.697338435209594554e-16
5.415296883206385246e+03 2.849357497278446911e-16
5.417289544788876810e+03 3.463385030774796073e-16
5.419282182244523938e+03 2.820230890991447893e-16
5.421274795557386824e+03 3.625750567133941713e-16
5.423267384711520208e+03 2.691206417620763419e-16
5.425259949690982467e+03 3.870173901526736272e-16
5.427252490479831977e+03 3.674800042302788391e-16
5.429245007062125296e+03 4.045304942403437094e-16
5.431237499421921711e+03 3.249022067026033347e-16
5.433229967543276871e+03 2.940785365050608240e-16
5.435222411410251880e+03 2.856550304720238947e-16
5.437214831006900567e+03 3.373294692566127820e-16
5.439207226317282220e+03 3.283005665864337209e-16
5.441199597325454306e+03 3.773210445858922946e-16
5.443191944015474292e+03 3.364714770887196785e-16
5.445184266371401463e+03 2.192102578477905990e-16
5.447176564377290561e+03 2.632796007161118898e-16
5.449168838017201779e+03 2.083391178040717216e-16
5.451161087275192585e+03 3.866857211628432052e-16
5.453153312135319538e+03 3.837190870792858043e-16
5.455145512581640105e+03 4.063863630486299289e-16
5.457137688598213572e+03 2.603565617467782351e-16
5.459129840169095587e+03 3.386151701814351978e-16
5.461121967278345437e+03 3.030820923789819375e-16
5.463114069910019680e+03 3.911196400769482526e-16
5.465106148048176692e+03 3.016198669518861631e-16
5.467098201676874851e+03 3.126951481409352060e-16
5.469090230780169804e+03 2.679378000300917136e-16
5.471082235342120839e+03 3.525546412135325698e-16
5.473074215346785422e+03 2.910430581182916093e-16
5.475066170778220112e+03 2.615453270877562134e-16
5.477058101620484194e+03 2.849427080858794085e-16
5.479050007857634228e+03 2.139155971298871334e-16
5.481041889473728588e+03 2.581494968031386723e-16
5.483033746452823834e+03 3.201261070468948602e-16
5.485025578778979252e+03 2.165867656026651544e-16
5.487017386436251400e+03 2.436024688851076683e-16
5.489009169408696835e+03 1.836385723593938245e-16
5.491000927680375753e+03 2.522928613470043826e-16
5.492992661235344713e+03 2.157572700045091565e-16
5.494984370057662090e+03 3.903737777245776370e-16
5.496976054131382625e+03 1.894484320686164805e-16
5.498967713440568332e+03 3.146418757658606583e-16
5.500959347969273040e+03 2.855706426029151453e-16
5.502950957701556035e+03 3.245930477657265223e-16
5.504942542621476605e+03 2.744452962397158782e-16
5.506934102713089487e+03 3.390919424083459977e-16
5.508925637960453969e+03 3.065556958437977030e-16
5.510917148347627517e+03 2.029648654213235199e-16
5.512908633858667599e+03 3.188845037165404099e-16
5.514900094477632592e+03 2.296768553354277403e-16
5.516891530188579054e+03 3.343817430234605892e-16
5.518882940975564452e+03 2.654392754188412233e-16
5.520874326822648072e+03 2.608261979979748899e-16
5.522865687713886473e+03 2.985554130976213018e-16
5.524857023633338031e+03 2.614482138568953508e-16
5.526848334565059304e+03 2.244009787891309316e-16
5.528839620493108669e+03 2.901148024607508349e-16
5.530830881401543593e+03 2.607582151837264414e-16
5.532822117274421544e+03 2.928050355613952551e-16
5.534813328095800898e+03 1.865425874480669669e-16
5.536804513849740033e+03 2.787745893443680418e-16
5.538795674520293687e+03 1.945794577682095006e-16
5.540786810091522966e+03 1.957013937636026741e-16
5.542777920547482609e+03 2.253306936634891532e-16
5.544769005872232810e+03 3.027615678515011617e-16
5.546760066049828310e+03 3.723414357355525840e-16
5.548751101064330214e+03 1.898539471330021338e-16
5.550742110899793261e+03 3.232642440964991911e-16
5.552733095540277645e+03 2.530646313985478022e-16
5.554724054969839017e+03 2.701878437263243635e-16
5.556714989172534843e+03 3.361501718145356043e-16
5.558705898132425318e+03 3.054687251854271245e-16
5.560696781833565183e+03 3.737132633895751878e-16
5.562687640260013723e+03 2.718286887272867824e-16
5.564678473395829315e+03 3.147137679060380006e-16
5.566669281225067607e+03 3.087214106432395072e-16
5.568660063731787886e+03 2.828610049175975045e-16
5.570650820900047620e+03 2.418838151287154277e-16
5.572641552713902456e+03 1.897051818453665238e-16
5.574632259157412591e+03 3.212414551549965286e-16
5.576622940214634582e+03 1.980052200061992237e-16
5.578613595869626806e+03 2.081853814732312476e-16
5.580604226106446731e+03 1.590089037043934804e-16
5.582594830909150915e+03 3.570344356967493108e-16
5.584585410261797733e+03 2.402897494865957164e-16
5.586575964148445564e+03 2.739479567431866354e-16
5.588566492553150965e+03 2.663832661490033761e-16
5.590556995459972313e+03 2.085474615569658155e-16
5.592547472852967985e+03 1.696190465542982696e-16
5.594537924716192720e+03 2.085107996600788143e-16
5.596528351033708532e+03 2.723559061201547272e-16
5.598518751789569251e+03 3.152464730541117155e-16
5.600509126967834163e+03 2.142012253944127388e-16
5.602499476552560736e+03 2.755835912844770944e-16
5.604489800527808256e+03 2.021802741929033556e-16
5.606480098877630553e+03 2.540403437264419702e-16
5.608470371586088731e+03 3.539762546250231225e-16
5.610460618637240259e+03 2.535548274380231595e-16
5.612450840015140784e+03 3.147418647628559597e-16
5.614441035703848684e+03 1.844355716573318082e-16
5.616431205687422334e+03 3.636983335917344629e-16
5.618421349949920113e+03 2.578506712735722648e-16
5.620411468475397669e+03 2.380419557127812482e-16
5.622401561247914287e+03 1.967763363314127712e-16
5.624391628251526527e+03 3.857680471093959286e-16
5.626381669470292763e+03 3.125507587354973661e-16
5.628371684888270465e+03 2.123309026463797981e-16
5.630361674489517100e+03 4.012366055080650849e-16
5.632351638258091043e+03 2.683502237382994881e-16
5.634341576178048854e+03 2.715030909888466700e-16
5.636331488233448908e+03 2.215871093600026649e-16
5.638321374408348674e+03 2.638109077943596263e-16
5.640311234686805619e+03 2.125230788354660168e-16
5.642301069052879029e+03 2.599333187470071696e-16
5.644290877490624553e+03 3.500557766301335160e-16
5.646280659984100566e+03 3.724356574769948796e-16
5.648270416517364538e+03 1.473937801291053452e-16
5.650260147074473934e+03 3.089884549892621238e-16
5.652249851639488043e+03 1.500095936408084325e-16
5.654239530196462511e+03 2.759571638345513142e-16
5.656229182729455715e+03 2.051780886958446615e-16
5.658218809222525124e+03 3.273482971258876413e-16
5.660208409659729114e+03 2.600674033612674184e-16
5.662197984025124242e+03 3.943466322939207414e-16
5.664187532302770705e+03 3.335015724394957575e-16
5.666177054476722333e+03 3.008612409259971707e-16
5.668166550531039320e+03 2.609745220158884897e-16
5.670156020449780044e+03 2.116240688420448647e-16
5.672145464216999244e+03 2.358270945625096820e-16
5.674134881816757115e+03 2.704715071368202325e-16
5.676124273233110216e+03 3.652616363525874108e-16
5.678113638450116923e+03 3.577030380655984482e-16
5.680102977451834704e+03 2.440555434302468475e-16
5.682092290222321026e+03 1.933773493698151453e-16
5.684081576745633356e+03 2.971211909152920536e-16
5.686070837005829162e+03 3.644892655728248546e-16
5.688060070986966821e+03 3.465466405951200138e-16
5.690049278673102890e+03 2.859323847729619447e-16
5.692038460048297566e+03 2.721592908453599599e-16
5.694027615096605587e+03 1.736146749468598113e-16
5.696016743802085330e+03 2.458143302119800934e-16
5.698005846148795172e+03 1.926652538956572000e-16
5.699994922120793490e+03 3.536180284065318109e-16
5.701983971702136841e+03 1.711745671442433002e-16
5.703972994876881785e+03 1.763963287858404281e-16
5.705961991629088516e+03 2.068441152251201929e-16
5.707950961942813592e+03 2.623528314748708124e-16
5.709939905802113572e+03 2.413079502525230481e-16
5.711928823191047741e+03 2.445984601837345321e-16
5.713917714093673567e+03 2.578605963758063089e-16
5.715906578494046698e+03 2.349048094762089340e-16
5.717895416376228241e+03 2.870683681579979989e-16
5.719884227724272932e+03 3.610289572117691201e-16
5.721873012522240060e+03 1.103697514955191045e-16
5.723861770754187091e+03 2.593001147943083370e-16
5.725850502404170584e+03 1.285323091206339639e-16
5.727839207456248914e+03 3.000625067730980849e-16
5.729827885894480460e+03 2.645996298078606675e-16
5.731816537702921778e+03 3.123594479846209812e-16
5.733805162865630336e+03 2.855646969563066038e-16
5.735793761366665422e+03 3.448541442972789249e-16
5.737782333190084501e+03 2.990877953280493824e-16
5.739770878319943222e+03 1.965019365155617994e-16
5.741759396740300872e+03 2.658613181745429344e-16
5.743747888435214918e+03 3.598257834758817724e-16
5.745736353388742828e+03 2.256051772555323627e-16
5.747724791584942977e+03 3.328812701898267211e-16
5.749713203007871925e+03 2.155328036757992125e-16
5.751701587641587139e+03 3.123723217508143229e-16
5.753689945470147904e+03 2.602467196341454297e-16
5.755678276477610780e+03 1.905408512713822035e-16
5.757666580648033232e+03 1.465676318986801900e-16
5.759654857965473639e+03 2.345367709401162084e-16
5.761643108413989466e+03 1.997034214305536420e-16
5.763631331977637274e+03 2.192078165157777062e-16
5.765619528640476346e+03 2.206762894406094097e-16
5.767607698386564152e+03 1.308129909559250825e-16
5.769595841199957249e+03 2.246438316032330677e-16
5.771583957064714014e+03 2.925884741065699276e-16
5.773572045964892823e+03 2.460121969512517653e-16
5.775560107884550234e+03 2.135275379944428449e-16
5.777548142807743716e+03 2.232519336743502861e-16
5.779536150718531644e+03 3.566728229500266281e-16
5.781524131600972396e+03 1.926531337836333682e-16
5.783512085439122529e+03 2.919206215026506072e-16
5.785500012217039512e+03 2.536877146331577918e-16
5.787487911918780810e+03 3.112843211556009721e-16
5.789475784528406621e+03 2.925410403961364401e-16
5.791463630029971682e+03 1.588601808404625147e-16
5.793451448407534372e+03 3.069856833452004371e-16
5.795439239645153066e+03 2.527608714024468573e-16
5.797427003726885232e+03 2.836877679407849927e-16
5.799414740636788338e+03 1.960525669922722909e-16
5.801402450358920760e+03 1.797352811259146443e-16
5.803390132877338146e+03 2.511427171452005667e-16
5.805377788176100694e+03 3.658090228217642351e-16
5.807365416239264960e+03 1.934923204861783442e-16
5.809353017050887502e+03 1.796628157029509260e-16
5.811340590595027606e+03 2.784637429313643378e-16
5.813328136855742741e+03 2.848692782848142600e-16
5.815315655817089464e+03 1.790093111751299753e-16
5.817303147463126152e+03 3.699470201336030808e-16
5.819290611777912090e+03 1.839834418238992722e-16
5.821278048745502019e+03 3.305881807288754743e-16
5.823265458349955225e+03 3.741598550179382298e-16
5.825252840575329174e+03 2.817826682943212805e-16
5.827240195405682243e+03 3.007875008746408109e-16
5.829227522825070992e+03 2.768234861386569603e-16
5.831214822817551976e+03 2.488662409454701826e-16
5.833202095367186303e+03 2.893203712855878996e-16
5.835189340458028710e+03 2.882756228474507996e-16
5.837176558074137574e+03 2.429175209915281108e-16
5.839163748199571273e+03 1.690421522620382231e-16
5.841150910818387274e+03 3.048139181787918843e-16
5.843138045914642134e+03 2.665221262590386220e-16
5.845125153472395141e+03 1.656737520499916371e-16
5.847112233475703761e+03 2.507856587763430449e-16
5.849099285908623642e+03 3.607711531243935952e-16
5.851086310755214981e+03 2.547888848206897944e-16
5.853073307999534336e+03 1.128944487743812589e-16
5.855060277625639173e+03 2.353427172196968135e-16
5.857047219617586961e+03 1.765910722304998024e-16
5.859034133959436076e+03 2.930426953468415635e-16
5.861021020635243985e+03 3.073520863694721694e-16
5.863007879629069066e+03 2.150737533602039836e-16
5.864994710924966967e+03 2.498259109892365111e-16
5.866981514506996973e+03 1.614809705284952295e-16
5.868968290359216553e+03 1.942705583140056469e-16
5.870955038465683174e+03 2.389622680907800794e-16
5.872941758810455212e+03 3.347098960234655636e-16
5.874928451377589226e+03 4.224880018542630684e-16
5.876915116151143593e+03 3.582436558704675916e-16
5.878901753115174870e+03 2.154910996755094880e-16
5.880888362253742343e+03 3.238229715172818141e-16
5.882874943550903481e+03 2.786710466369525040e-16
5.884861496990713931e+03 2.146498078013505676e-16
5.886848022557232980e+03 3.503113399723300352e-16
5.888834520234519005e+03 2.028885201106346108e-16
5.890820990006628563e+03 2.899188358072595557e-16
5.892807431857620031e+03 1.929878452277535108e-16
5.894793845771549059e+03 2.237789247297298995e-16
5.896780231732476750e+03 3.299041588482729754e-16
5.898766589724457845e+03 2.843324158961907429e-16
5.900752919731550719e+03 2.296720435421488772e-16
5.902739221737813750e+03 2.965425812603720530e-16
5.904725495727305315e+03 3.354139878938509683e-16
5.906711741684081062e+03 3.431100252614065771e-16
5.908697959592198458e+03 3.276211738309890186e-16
5.910684149435717700e+03 3.323175947850890294e-16
5.912670311198695345e+03 2.614556330961149309e-16
5.914656444865187950e+03 1.842779392250992801e-16
5.916642550419254803e+03 2.604152115024934451e-16
5.918628627844952462e+03 1.506881623567244936e-16
5.920614677126338393e+03 3.994956066289568331e-16
5.922600698247471882e+03 2.528524034238212681e-16
5.924586691192409489e+03 1.387114968306586378e-16
5.926572655945207771e+03 2.256766280503589836e-16
5.928558592489926014e+03 1.832554162936546808e-16
5.930544500810621685e+03 2.095650934967522471e-16
5.932530380891352252e+03 2.680913357547243695e-16
5.934516232716175182e+03 3.175866510326543854e-16
5.936502056269147943e+03 2.343409642435637446e-16
5.938487851534328911e+03 2.732174012879419956e-16
5.940473618495774645e+03 2.320626777962400278e-16
5.942459357137544430e+03 2.700439493868817981e-16
5.944445067443694825e+03 3.402155127019358230e-16
5.946430749398283297e+03 2.344968842950251169e-16
5.948416402985369132e+03 2.674990514658783257e-16
5.950402028189007979e+03 2.870278979587432114e-16
5.952387624993258214e+03 2.205014169514315004e-16
5.954373193382178215e+03 2.628522189337862167e-16
5.956358733339824539e+03 4.045635099395316125e-16
5.958344244850255564e+03 1.782879856762313407e-16
5.960329727897529665e+03 3.377013932927932690e-16
5.962315182465701582e+03 2.702966934941614412e-16
5.964300608538832421e+03 2.632697256722542340e-16
5.966286006100978739e+03 3.628519446564384680e-16
5.968271375136197094e+03 2.524746907483903017e-16
5.970256715628545862e+03 3.261781720379248142e-16
5.972242027562084331e+03 2.117094598713618488e-16
5.974227310920867239e+03 1.566461648331333291e-16
5.976212565688954783e+03 3.060105090078065712e-16
5.978197791850402609e+03 2.921907316567558988e-16
5.980182989389269096e+03 2.166009137963318643e-16
5.982168158289612620e+03 2.202617401717423761e-16
5.984153298535491558e+03 3.027512273785808614e-16
5.986138410110959740e+03 2.852598062831947838e-16
5.988123493000080089e+03 2.430490908096209054e-16
5.990108547186906435e+03 2.326578696392716642e-16
5.992093572655498065e+03 3.465375089395542642e-16
5.994078569389911536e+03 2.555402873036059330e-16
5.996063537374206135e+03 3.870093666144863450e-16
5.998048476592438419e+03 1.328291160043052452e-16
6.000033387028665857e+03 3.435656176633880126e-16
6.002018268666946824e+03 2.119814390417193896e-16
6.004003121491338788e+03 1.640672266586496735e-16
6.005987945485900127e+03 2.594938221544891828e-16
6.007972740634686488e+03 2.442555753748555171e-16
6.009957506921757158e+03 2.400675721018745893e-16
6.011942244331168695e+03 2.359513193091364522e-16
6.013926952846981294e+03 1.704880482664127756e-16
6.015911632453249695e+03 1.877945202200070599e-16
6.017896283134032274e+03 2.769581584728577360e-16
6.019880904873387408e+03 2.738930022449908035e-16
6.021865497655372565e+03 2.173929795865073392e-16
6.023850061464045211e+03 3.948635247585563278e-16
6.025834596283463725e+03 2.236258527418653495e-16
6.027819102097684663e+03 3.048462978404042186e-16
6.029803578890765493e+03 2.491955512258105159e-16
6.031788026646766411e+03 1.938539400357258982e-16
6.033772445349741247e+03 2.402537105877260082e-16
6.035756834983752015e+03 2.881478142846838646e-16
6.037741195532852544e+03 2.471518259127480586e-16
6.039725526981102121e+03 1.653519727273917243e-16
6.041709829312559123e+03 1.312020334694685593e-16
6.043694102511280107e+03 2.589559525560186008e-16
6.045678346561322542e+03 3.873574483564678756e-16
6.047662561446744803e+03 2.799755997040845375e-16
6.049646747151604359e+03 2.454300434983049730e-16
6.051630903659959586e+03 3.857699365077815179e-16
6.053615030955866132e+03 2.041169449641302081e-16
6.055599129023384194e+03 1.745916761756882299e-16
6.057583197846569419e+03 1.801019301111938450e-16
6.059567237409481095e+03 3.406501912232728389e-16
6.061551247696175778e+03 2.842037922318392297e-16
6.063535228690710937e+03 2.502967151102632248e-16
6.065519180377144949e+03 1.509669227818453855e-16
6.067503102739536189e+03 1.741310589832184812e-16
6.069486995761940307e+03 2.560412658310561228e-16
6.071470859428416588e+03 1.959145660507399266e-16
6.073454693723022501e+03 3.416084157365721305e-16
6.075438498629814603e+03 2.978032859230303459e-16
6.077422274132852181e+03 1.482773119599646151e-16
6.079406020216190882e+03 1.576012056917892211e-16
6.081389736863890903e+03 3.326378041978619921e-16
6.083373424060007892e+03 3.478183621809629549e-16
6.085357081788601135e+03 2.075647971168658762e-16
6.087340710033726282e+03 2.262071177180914519e-16
6.089324308779442617e+03 2.029057944935861029e-16
6.091307878009807609e+03 2.495150156896694561e-16
6.093291417708878726e+03 1.570789086130529134e-16
6.095274927860712523e+03 2.381221614892079364e-16
6.097258408449368289e+03 1.242129974713693323e-16
6.099241859458903491e+03 2.186265402462467738e-16
6.101225280873374686e+03 2.479227756345525500e-16
6.103208672676841161e+03 2.095263563588009682e-16
6.105192034853358564e+03 2.598429569583880783e-16
6.107175367386986181e+03 2.502952479447285320e-16
6.109158670261780571e+03 2.906758714115854616e-16
6.111141943461801020e+03 3.105619003570868273e-16
6.113125186971104085e+03 2.286139870160406417e-16
6.115108400773747235e+03 2.737452125999073948e-16
6.117091584853787936e+03 2.247804878704890538e-16
6.119074739195285474e+03 1.754864764252239401e-16
6.121057863782296408e+03 2.669949151685243338e-16
6.123040958598877296e+03 2.096785952065300405e-16
6.125024023629087424e+03 2.495160777173804595e-16
6.127007058856983349e+03 2.042557695751918079e-16
6.128990064266625268e+03 2.374710387912044746e-16
6.130973039842067010e+03 1.669139544931194590e-16
6.132955985567368771e+03 2.245492746328554599e-16
6.134938901426587108e+03 1.695604701630895989e-16
6.136921787403781309e+03 2.004149531355636927e-16
6.138904643483007021e+03 1.802021578975123897e-16
6.140887469648323531e+03 1.775605463083875599e-16
6.142870265883787397e+03 1.507497448236187191e-16
6.144853032173456086e+03 3.089239168256921342e-16
6.146835768501388884e+03 1.768601977943000839e-16
6.148818474851642350e+03 1.121488799182882221e-16
6.150801151208273950e+03 3.178885965532017761e-16
6.152783797555341152e+03 3.183677978890283691e-16
6.154766413876903243e+03 3.119675241831274534e-16
6.156749000157014962e+03 1.550110625278722646e-16
6.158731556379738322e+03 2.405648686576142996e-16
6.160714082529126244e+03 2.019122782977204496e-16
6.162696578589239834e+03 1.514878962579490619e-16
6.164679044544134740e+03 2.338802114289938977e-16
6.166661480377870248e+03 2.515208851208736374e-16
6.168643886074502916e+03 2.484924432767715378e-16
6.170626261618090211e+03 2.380769339943528949e-16
6.172608606992691421e+03 2.869079465348471583e-16
6.174590922182362192e+03 3.264456357376592536e-16
6.176573207171160902e+03 3.049944437492578204e-16
6.178555461943145929e+03 3.140029709407664579e-16
6.180537686482373829e+03 3.019241950993293394e-16
6.182519880772903889e+03 2.049799878767499174e-16
6.184502044798791758e+03 3.038526120427637160e-16
6.186484178544096721e+03 2.956461502012339154e-16
6.188466281992876247e+03 2.178065515273935577e-16
6.190448355129186893e+03 2.827782404955581837e-16
6.192430397937087037e+03 2.459729144380849593e-16
6.194412410400633235e+03 1.713512468980535833e-16
6.196394392503885683e+03 1.445995788189024146e-16
6.198376344230900941e+03 2.468729676541877591e-16
6.200358265565735564e+03 2.571184648818091666e-16
6.202340156492447932e+03 3.093949423548626412e-16
6.204322016995096419e+03 3.137889794309820104e-16
6.206303847057737585e+03 2.536081261837397124e-16
6.208285646664429805e+03 1.956308250123438096e-16
6.210267415799230548e+03 8.320738362066675047e-17
6.212249154446197281e+03 1.958911036655160909e-16
6.214230862589387471e+03 2.115287817931704280e-16
6.216212540212860404e+03 2.289621150795524717e-16
6.218194187300670819e+03 3.493760648758071505e-16
6.220175803836879822e+03 2.595706680976334522e-16
6.222157389805543062e+03 2.849200163226987095e-16
6.224138945190718005e+03 1.332814805928272920e-16
6.226120469976462118e+03 5.369058621824579335e-17
6.228101964146834689e+03 1.340940960261509833e-16
6.230083427685892275e+03 1.086997783773202783e-16
6.232064860577692343e+03 2.711921557214566669e-16
6.234046262806293271e+03 2.896774927983445945e-16
6.236027634355752525e+03 1.167285646815414009e-16
6.238008975210127574e+03 2.508786222070326375e-16
6.239990285353475883e+03 2.163957010166862136e-16
6.241971564769855831e+03 2.511938317109524755e-16
6.243952813443323976e+03 3.763370729925670686e-16
6.245934031357939602e+03 3.624599124531359360e-16
6.247915218497759270e+03 2.827698246691697220e-16
6.249896374846839535e+03 2.109005069704817447e-16
6.251877500389240595e+03 1.826442751355741678e-16
6.253858595109019006e+03 2.150502581611707680e-16
6.255839658990232238e+03 2.233173578301211119e-16
6.257820692016937755e+03 2.538028388271630546e-16
6.259801694173193027e+03 2.220498372613417775e-16
6.261782665443057340e+03 2.157903162664546221e-16
6.263763605810585432e+03 2.809815835886960818e-16
6.265744515259838408e+03 1.416111427995684141e-16
6.267725393774871918e+03 2.613974863942954061e-16
6.269706241339743428e+03 2.109665203521320907e-16
6.271687057938512226e+03 1.794875705459463282e-16
6.273667843555233958e+03 2.041485563978088064e-16
6.275648598173967912e+03 1.833110751169724365e-16
6.277629321778770645e+03 2.420044894722091779e-16
6.279610014353700535e+03 3.749643470851305450e-16
6.281590675882815049e+03 1.273501755887046641e-16
6.283571306350171653e+03 1.264534456751906929e-16
6.285551905739828726e+03 1.591436373924285054e-16
6.287532474035842824e+03 1.518652646297130842e-16
6.289513011222272326e+03 2.476705661591320352e-16
6.291493517283174697e+03 2.065609277351680921e-16
6.293473992202607405e+03 2.136613506338153808e-16
6.295454435964628829e+03 1.632441238093461914e-16
6.297434848553295524e+03 1.635885141378506458e-16
6.299415229952666778e+03 2.297612422156087247e-16
6.301395580146800057e+03 8.024940097936796109e-17
6.303375899119750102e+03 1.366449431160564227e-16
6.305356186855578017e+03 2.872457065410242651e-16
6.307336443338340359e+03 1.975180385499153523e-16
6.309316668552093688e+03 3.126458137349534904e-16
6.311296862480898199e+03 2.659324075540431593e-16
6.313277025108808630e+03 2.295560177806334746e-16
6.315257156419884268e+03 1.706379559645048004e-16
6.317237256398183490e+03 2.167714508380231659e-16
6.319217325027761945e+03 1.379184283092214968e-16
6.321197362292678918e+03 2.219240645957386127e-16
6.323177368176991877e+03 1.523684109917803001e-16
6.325157342664757380e+03 1.671460557203539905e-16
6.327137285740033803e+03 2.420720212622118015e-16
6.329117197386878615e+03 2.274014919707802715e-16
6.331097077589351102e+03 1.967257201522833858e-16
6.333076926331506911e+03 2.778287022166027130e-16
6.335056743597404420e+03 1.884695411664780377e-16
6.337036529371101096e+03 2.212024005187267905e-16
6.339016283636654407e+03 3.430166249819078368e-16
6.340996006378123639e+03 2.340848231475410779e-16
6.342975697579563530e+03 2.478401077372967366e-16
6.344955357225034277e+03 2.631862942750732336e-16
6.346934985298592437e+03 2.254633050668076103e-16
6.348914581784296388e+03 1.612943959471631529e-16
6.350894146666203596e+03 1.890365214901089674e-16
6.352873679928370620e+03 2.201128220156544920e-16
6.354853181554855837e+03 3.479748679050227083e-16
6.356832651529717623e+03 3.356567036304864557e-16
6.358812089837013446e+03 2.577162859723187456e-16
6.360791496460800772e+03 2.275524229299271496e-16
6.362770871385136161e+03 2.363135112172753350e-16
6.364750214594077988e+03 1.404952261110351868e-16
6.366729526071685541e+03 2.688235313904283375e-16
6.368708805802014467e+03 1.921353646810052081e-16
6.370688053769123144e+03 2.933738759840363984e-16
6.372667269957069038e+03 3.157454935890697385e-16
6.374646454349909618e+03 2.207663048193083633e-16
6.376625606931704169e+03 2.135086706566087543e-16
6.378604727686508340e+03 1.451979406265569883e-16
6.380583816598380508e+03 3.311876393498195053e-16
6.382562873651378140e+03 1.529287821982603580e-16
6.384541898829558704e+03 2.679319568100029297e-16
6.386520892116981486e+03 1.726932606047806878e-16
6.388499853497702134e+03 3.069696974481908616e-16
6.390478782955780844e+03 3.909081751605958189e-16
6.392457680475272355e+03 1.308957979364513813e-16
6.394436546040235044e+03 2.588979509946230950e-16
6.396415379634727287e+03 2.573259416340892489e-16
6.398394181242807463e+03 2.435270847633202984e-16
6.400372950848532128e+03 1.925949516985081847e-16
6.402351688435958749e+03 2.898801949142224731e-16
6.404330393989145705e+03 1.953458905746149209e-16
6.406309067492150461e+03 2.101793218978004905e-16
6.408287708929030487e+03 2.238113416799604394e-16
6.410266318283843248e+03 1.495991393499761610e-16
6.412244895540647121e+03 1.780326284815541106e-16
6.414223440683499575e+03 1.347125244415314568e-16
6.416201953696458077e+03 2.329365385639065553e-16
6.418180434563581002e+03 2.436864563864414993e-16
6.420158883268924001e+03 2.581103692372812547e-16
6.422137299796546358e+03 2.157906061510451808e-16
6.424115684130506452e+03 2.198426601772348124e-16
6.426094036254860839e+03 2.603826118914444227e-16
6.428072356153666988e+03 1.903120743185676778e-16
6.430050643810982365e+03 2.320531988243292452e-16
6.432028899210865347e+03 2.288806152601842449e-16
6.434007122337374312e+03 1.588808675699316532e-16
6.435985313174564908e+03 2.272247570682112679e-16
6.437963471706496421e+03 1.817962386359962897e-16
6.439941597917226318e+03 4.226404676272352918e-16
6.441919691790812067e+03 2.170073199165146674e-16
6.443897753311311135e+03 2.355464239110996994e-16
6.445875782462780990e+03 2.579058481845003683e-16
6.447853779229280008e+03 2.205050544771199283e-16
6.449831743594865657e+03 2.906586369097354908e-16
6.451809675543594494e+03 1.251829394890407973e-16
6.453787575059526716e+03 3.258236702434221297e-16
6.455765442126717062e+03 1.711313306365514767e-16
6.457743276729224817e+03 1.786468327448418971e-16
6.459721078851107450e+03 2.370001431082119842e-16
6.461698848476423336e+03 2.225811344637695343e-16
6.463676585589228125e+03 3.303464041375961467e-16
6.465654290173581103e+03 1.941700986097182602e-16
6.467631962213539737e+03 3.415507141121144876e-16
6.469609601693162404e+03 3.153091054361753480e-16
6.471587208596504752e+03 1.923430426089567583e-16
6.473564782907626068e+03 2.656689843295244579e-16
6.475542324610583819e+03 2.973199547319646634e-16
6.477519833689433653e+03 1.653744315955723318e-16
6.479497310128237586e+03 2.859244618614715334e-16
6.481474753911048538e+03 1.336083017668798591e-16
6.483452165021927613e+03 2.631456795541778579e-16
6.485429543444930459e+03 1.108923466469170753e-16
6.487406889164116365e+03 2.499832813557245410e-16
6.489384202163540976e+03 1.586867694100043082e-16
6.491361482427264491e+03 2.681440869730140036e-16
6.493338729939341647e+03 2.343888801782593947e-16
6.495315944683832640e+03 2.315050989240626359e-16
6.497293126644794029e+03 2.772305484327047318e-16
6.499270275806284189e+03 2.317743102740600706e-16
6.501247392152358771e+03 3.088367881593816563e-16
6.503224475667077968e+03 2.868945106480015471e-16
6.505201526334498340e+03 2.883506134663203722e-16
6.507178544138676443e+03 2.536246485782745149e-16
6.509155529063672475e+03 1.954701077133034326e-16
6.511132481093542083e+03 3.348744263384684314e-16
6.513109400212343644e+03 1.895539402586004122e-16
6.515086286404134626e+03 2.853518976847345551e-16
6.517063139652973405e+03 2.240662009516700659e-16
6.519039959942916539e+03 2.131188076771977750e-16
6.521016747258021496e+03 3.723282913403417704e-16
6.522993501582348472e+03 3.459062810127137095e-16
6.524970222899952205e+03 2.736042202557553399e-16
6.526946911194891072e+03 2.765679062172294931e-16
6.528923566451224360e+03 2.654840833975297799e-16
6.530900188653007717e+03 1.807016017876436291e-16
6.532876777784300430e+03 2.423463859204083853e-16
6.534853333829158146e+03 1.978330269478705817e-16
6.536829856771641062e+03 1.724669519576281771e-16
6.538806346595804825e+03 2.141026296308204307e-16
6.540782803285707814e+03 2.061475604630726199e-16
6.542759226825407495e+03 2.142570501056637948e-16
6.544735617198962245e+03 3.022882161821485481e-16
6.546711974390429532e+03 3.149188665012545200e-16
6.548688298383865913e+03 3.116294178193599873e-16
6.550664589163330675e+03 2.652030755721167258e-16
6.552640846712880375e+03 3.184494167898384067e-16
6.554617071016573391e+03 2.008537151339374109e-16
6.556593262058466280e+03 2.806717738505336755e-16
6.558569419822617419e+03 2.929061513917574305e-16
6.560545544293085186e+03 2.046484701256976999e-16
6.562521635453926137e+03 2.381174300344222229e-16
6.564497693289197741e+03 2.430026038218132908e-16
6.566473717782959284e+03 3.297441278649984034e-16
6.568449708919266413e+03 3.334935362299927873e-16
6.570425666682178417e+03 2.019086848649773362e-16
6.572401591055752760e+03 2.427982345344445597e-16
6.574377482024046913e+03 3.646025901368022617e-16
6.576353339571118340e+03 2.534835081003663771e-16
6.578329163681022692e+03 2.222398663313693878e-16
6.580304954337821982e+03 2.175643091533258626e-16
6.582280711525570950e+03 2.684343195480640690e-16
6.584256435228327973e+03 1.862464024127762424e-16
6.586232125430149608e+03 2.280845459854171079e-16
6.588207782115096052e+03 1.696821106516694326e-16
6.590183405267222042e+03 3.123295644183296331e-16
6.592158994870587776e+03 3.374983891363540018e-16
6.594134550909249811e+03 2.701380088334421085e-16
6.596110073367264704e+03 1.487022101673482640e-16
6.598085562228692652e+03 2.063750158107022185e-16
6.600061017477588393e+03 1.293601440391234574e-16
6.602036439098012124e+03 2.788514284529328057e-16
6.604011827074020403e+03 2.193402209356499635e-16
6.605987181389671605e+03 2.040630044258489959e-16
6.607962502029022289e+03 2.149790151575394419e-16
6.609937788976130832e+03 3.103996809070402890e-16
6.611913042215053792e+03 2.484380812958067865e-16
6.613888261729850456e+03 1.975350770117303272e-16
6.615863447504578289e+03 3.353396850681943624e-16
6.617838599523292942e+03 2.655457955020030397e-16
6.619813717770055518e+03 3.937854211004685274e-16
6.621788802228920758e+03 1.365719484474875586e-16
6.623763852883947038e+03 1.128539727118153647e-16
6.625738869719192735e+03 1.936561534216346046e-16
6.627713852718714406e+03 1.986670070161852745e-16
6.629688801866571339e+03 1.936462078557553571e-16
6.631663717146820090e+03 1.954032948753562332e-16
6.633638598543518128e+03 1.989503573889484938e-16
6.635613446040723829e+03 1.553893061074540160e-16
6.637588259622494661e+03 2.528912904018123347e-16
6.639563039272889000e+03 1.813615463774771320e-16
6.641537784975962495e+03 3.179333229569347760e-16
6.643512496715773523e+03 2.169569501314794580e-16
6.645487174476381369e+03 2.468139869267914136e-16
6.647461818241842593e+03 2.535476943415279604e-16
6.649436427996214661e+03 2.166993666359513483e-16
6.651411003723555041e+03 2.423973729759148382e-16
6.653385545407922109e+03 8.922954909392777940e-17
6.655360053033373333e+03 2.795522761257067415e-16
6.657334526583967090e+03 2.642375231952293110e-16
6.659308966043758119e+03 2.215795242065154628e-16
6.661283371396808434e+03 1.570339562617241122e-16
6.663257742627172775e+03 1.829198150789285964e-16
6.665232079718908608e+03 2.186504244812177401e-16
6.667206382656075220e+03 2.115138266614387481e-16
6.669180651422730080e+03 3.452802961007169067e-16
6.671154886002928833e+03 2.508539931519017293e-16
6.673129086380731678e+03 2.265314706287058579e-16
6.675103252540195172e+03 2.401857959604508545e-16
6.677077384465377691e+03 3.096062879821503494e-16
6.679051482140335793e+03 2.617878874739218813e-16
6.681025545549126946e+03 2.333808381173742836e-16
6.682999574675810436e+03 2.387605982530271445e-16
6.684973569504442821e+03 2.170396037099610146e-16
6.686947530019080659e+03 3.073441093371101038e-16
6.688921456203785056e+03 1.870860225749883783e-16
6.690895348042609839e+03 1.870315336091461973e-16
6.692869205519615207e+03 2.499029686905125770e-16
6.694843028618857716e+03 2.830995358282427546e-16
6.696816817324396652e+03 2.778487796787552712e-16
6.698790571620286755e+03 2.939238790623799385e-16
6.700764291490588221e+03 2.070082094578416730e-16
6.702737976919357607e+03 1.477921014851925411e-16
6.704711627890652380e+03 9.434420248057506767e-17
6.706685244388530919e+03 1.160264180176679679e-16
6.708658826397049779e+03 2.815485698817363601e-16
6.710632373900268249e+03 2.941473682547701213e-16
6.712605886882242885e+03 1.949599622698100413e-16
6.714579365327032065e+03 1.709220598446949306e-16
6.716552809218692346e+03 2.342197857585234614e-16
6.718526218541283015e+03 1.924671121247710400e-16
6.720499593278860630e+03 1.888943990680901104e-16
6.722472933415481748e+03 1.885067821550994296e-16
6.724446238935206566e+03 2.926256018097061675e-16
6.726419509822091641e+03 2.161139249758083562e-16
6.728392746060193531e+03 2.575468003254046781e-16
6.730365947633571523e+03 2.184611210754635379e-16
6.732339114526283083e+03 3.165069446020421534e-16
6.734312246722384771e+03 2.887204325157430080e-16
6.736285344205934962e+03 1.418701497681617903e-16
6.738258406960992033e+03 2.004424514778764367e-16
6.740231434971612543e+03 1.945825910417480923e-16
6.742204428221853959e+03 9.789848401667972928e-17
6.744177386695775567e+03 1.981250017151531784e-16
6.746150310377433016e+03 2.484893295993078586e-16
6.748123199250885591e+03 2.937268407966355429e-16
6.750096053300189851e+03 2.354129036868219870e-16
6.752068872509404173e+03 3.291255208293353404e-16
6.754041656862586024e+03 2.669233113885662302e-16
6.756014406343793780e+03 1.260730655406660220e-16
6.757987120937083091e+03 1.974864220729683012e-16
6.759959800626514152e+03 1.125619148611468474e-16
6.761932445396142612e+03 2.004919171575042591e-16
6.763905055230026846e+03 2.621251782180269764e-16
6.765877630112225233e+03 3.603648244783405039e-16
6.767850170026793421e+03 1.732227533948038203e-16
6.769822674957792515e+03 2.704716518952519166e-16
6.771795144889276344e+03 1.746772304884661891e-16
6.773767579805306013e+03 2.672006982988914745e-16
6.775739979689936263e+03 2.854336771681083338e-16
6.777712344527226378e+03 3.283895950389163045e-16
6.779684674301233827e+03 2.552250830875917777e-16
6.781656968996016076e+03 2.346528802960256269e-16
6.783629228595631503e+03 2.355462534553150782e-16
6.785601453084136665e+03 2.273047579795285733e-16
6.787573642445589030e+03 2.994947533780867864e-16
6.789545796664047884e+03 2.912685088898809834e-16
6.791517915723568876e+03 1.067031383749361716e-16
6.793489999608211292e+03 1.043929653992837861e-16
6.795462048302033509e+03 1.638558849360774822e-16
6.797434061789090265e+03 1.802523082019877203e-16
6.799406040053441757e+03 2.666493642842736695e-16
6.801377983079144542e+03 2.310760525900116135e-16
6.803349890850256998e+03 2.150177684152014647e-16
6.805321763350835681e+03 3.500490890513994005e-16
6.807293600564938970e+03 2.454952676287176545e-16
6.809265402476625241e+03 2.249226281733962562e-16
6.811237169069950141e+03 1.780259463337496111e-16
6.813208900328973868e+03 2.459110436575503295e-16
6.815180596237752070e+03 2.306970871503205058e-16
6.817152256780344032e+03 2.932359728559978332e-16
6.819123881940806314e+03 1.138221693664887800e-16
6.821095471703196381e+03 2.306315298243194272e-16
6.823067026051572611e+03 2.324424270379716059e-16
6.825038544969992472e+03 2.979954284439006156e-16
6.827010028442513430e+03 1.104286686423073172e-16
6.828981476453192954e+03 2.514876123190166776e-16
6.830952888986090329e+03 3.028410304573461708e-16
6.832924266025260295e+03 1.414068144956485800e-16
6.834895607554763956e+03 1.538179396281545157e-16
6.836866913558656051e+03 2.862821515913658964e-16
6.838838184020995868e+03 2.652996569624584985e-16
6.840809418925840873e+03 1.834138934911118701e-16
6.842780618257247625e+03 2.633632886639379903e-16
6.844751781999275408e+03 2.606478582272356301e-16
6.846722910135980783e+03 2.345036603192016159e-16
6.848694002651422124e+03 1.793798407497369268e-16
6.850665059529656901e+03 2.783050076804828867e-16
6.852636080754742579e+03 2.061851208139428805e-16
6.854607066310736627e+03 2.853970121210041617e-16
6.856578016181696512e+03 2.444135211022978440e-16
6.858548930351680610e+03 1.804496872255483990e-16
6.860519808804747299e+03 1.687690254910472344e-16
6.862490651524952227e+03 2.746347746231473067e-16
6.864461458496354680e+03 2.864947381756564387e-16
6.866432229703011217e+03 3.734818498796847774e-16
6.868402965128980213e+03 1.705714185362021481e-16
6.870373664758319137e+03 2.484507795810676576e-16
6.872344328575086365e+03 1.970108674329598512e-16
6.874314956563338455e+03 3.043708922904847960e-16
6.876285548707133785e+03 1.928615200883110206e-16
6.878256104990528911e+03 1.937587429597393807e-16
6.880226625397583121e+03 2.084547285976229389e-16
6.882197109912353881e+03 1.400392402813441776e-16
6.884167558518897749e+03 2.673363887930961426e-16
6.886137971201273103e+03 9.601181069453743605e-17
6.888108347943536501e+03 2.049230956535424367e-16
6.890078688729748137e+03 1.751195882887585496e-16
6.892048993543963661e+03 1.825382222279430040e-16
6.894019262370240540e+03 2.175125212263972304e-16
6.895989495192637150e+03 2.508493233001248996e-16
6.897959691995210960e+03 2.768386781494228569e-16
6.899929852762021255e+03 1.804813850157566567e-16
6.901899977477122775e+03 1.955145722594387019e-16
6.903870066124574805e+03 2.750712765734964920e-16
6.905840118688434814e+03 1.946695788362435180e-16
6.907810135152762086e+03 2.659636459420037755e-16
6.909780115501611363e+03 1.106991541960685812e-16
6.911750059719041019e+03 7.428748608174161832e-17
6.913719967789110342e+03 2.703566691356146139e-16
6.915689839695875889e+03 2.860116772978537825e-16
6.917659675423396038e+03 2.301075260654376664e-16
6.919629474955726437e+03 3.871060864777711694e-16
6.921599238276927281e+03 2.660168516421586383e-16
6.923568965371055128e+03 1.598732231055294179e-16
6.925538656222168356e+03 2.266854141873842533e-16
6.927508310814322613e+03 1.604007209270525940e-16
6.929477929131577184e+03 2.087730440177792854e-16
6.931447511157990448e+03 2.371991445526059142e-16
6.933417056877618052e+03 1.390083115602147912e-16
6.935386566274519282e+03 2.761778612329020055e-16
6.937356039332750697e+03 3.134631069174909594e-16
6.939325476036370674e+03 6.496674946283852006e-17
6.941294876369437588e+03 1.941529392204989517e-16
6.943264240316007090e+03 2.127989911767846961e-16
6.945233567860139374e+03 1.322174636617628212e-16
6.947202858985889179e+03 2.602320868900691260e-16
6.949172113677316702e+03 2.141881159685642869e-16
6.951141331918478500e+03 2.452913066037902612e-16
6.953110513693432040e+03 2.676306930791495757e-16
6.955079658986234790e+03 3.032831460353060765e-16
6.957048767780946946e+03 2.622889764216634843e-16
6.959017840061622337e+03 2.076341920012249364e-16
6.960986875812321159e+03 2.375994302296280511e-16
6.962955875017099970e+03 3.296333320398669846e-16
6.964924837660018056e+03 2.314449389951156179e-16
6.966893763725131066e+03 2.113186579363801975e-16
6.968862653196497376e+03 3.110913666439433240e-16
6.970831506058175364e+03 3.718155856250476779e-16
6.972800322294221587e+03 1.726623087232715266e-16
6.974769101888694422e+03 2.216517573016064045e-16
6.976737844825651337e+03 1.230795816145080184e-16
6.978706551089149798e+03 2.694922625523369312e-16
6.980675220663248183e+03 1.559562713685167908e-16
6.982643853532003959e+03 2.670364120328630496e-16
6.984612449679474594e+03 2.494749390936438708e-16
6.986581009089716645e+03 2.705703695233752790e-16
6.988549531746789398e+03 1.858994968986599751e-16
