# Wavelength Flux
3.250485578588953103e+03 1.056728925061069777e-15
3.252494997879693074e+03 1.385800426952720724e-15
3.254504410277249008e+03 2.642617578526704320e-16
3.256513815765678373e+03 5.576843961885580096e-16
3.258523214329039547e+03 -1.206837630177231542e-15
3.260532605951389087e+03 7.676319349101261207e-16
3.262541990616785370e+03 1.695275677918229792e-15
3.264551368309285408e+03 1.292477187215468683e-15
3.266560739012948034e+03 -2.398096684434589136e-16
3.268570102711829804e+03 3.610219242134494176e-16
3.270579459389989097e+03 5.076061478527229646e-16
3.272588809031483379e+03 7.011127763503346126e-17
3.274598151620370118e+03 7.409855835565116908e-16
3.276607487140706780e+03 -5.545063229300237414e-16
3.278616815576551744e+03 4.672079839162546260e-16
3.280626136911962476e+03 3.477691657660716813e-16
3.282635451130995989e+03 6.007843632180402032e-16
3.284644758217710660e+03 7.970923233589568932e-16
3.286654058156163956e+03 2.256477617748428541e-16
3.288663350930413799e+03 2.054212785369862658e-16
3.290672636524517202e+03 2.084228087654926905e-16
3.292681914922532542e+03 7.947301785959574207e-16
3.294691186108516831e+03 7.155681546443680406e-16
3.296700450066528447e+03 4.078215765829245954e-16
3.298709706780624401e+03 1.271115442686631737e-15
3.300718956234862617e+03 8.313878301226789962e-16
3.302728198413301016e+03 2.107959857443817244e-16
3.304737433299996610e+03 5.391825362801857171e-16
3.306746660879008232e+03 4.793554573674375383e-16
3.308755881134391984e+03 7.137176078768570239e-16
3.310765094050207153e+03 7.289912331204476945e-16
3.312774299610509843e+03 8.856952445100805415e-16
3.314783497799359338e+03 7.040472342564445369e-16
3.316792688600811744e+03 7.192098139115427781e-16
3.318801871998925890e+03 2.893756506502976104e-16
3.320811047977758790e+03 9.711862704188993314e-16
3.322820216521368820e+03 6.271351362970243521e-16
3.324829377613812539e+03 8.664074285768829764e-16
3.326838531239148779e+03 6.765164314262974433e-16
3.328847677381434096e+03 8.123839944973764554e-16
3.330856816024727323e+03 3.139309470962920819e-16
3.332865947153085017e+03 6.428189349585661216e-16
3.334875070750566010e+03 7.420244252803905189e-16
3.336884186801226861e+03 7.930205851225613836e-16
3.338893295289125490e+03 3.644577138582732569e-16
3.340902396198320275e+03 4.184092523117834238e-16
3.342911489512868229e+03 5.824346089676723995e-16
3.344920575216827274e+03 3.888355998024852797e-16
3.346929653294254877e+03 1.066843959449924602e-15
3.348938723729208959e+03 5.718653165634286538e-16
3.350947786505746990e+03 1.165110485324077101e-15
3.352956841607926890e+03 5.257903935734223004e-16
3.354965889019806127e+03 8.837971723738368840e-16
3.356974928725442169e+03 4.266211295977279859e-16
3.358983960708892937e+03 3.658470978786470703e-16
3.360992984954215899e+03 1.195453059605941664e-15
3.363002001445469432e+03 7.811542427260111222e-16
3.365011010166710093e+03 1.252448585603769216e-15
3.367020011101996261e+03 1.295402038689800974e-15
3.369029004235385855e+03 8.026704991867303517e-16
3.371037989550935890e+03 1.080422441815226595e-15
3.373046967032704288e+03 1.114209251705257103e-15
3.375055936664748515e+03 1.196290140141074691e-15
3.377064898431126949e+03 1.137167369551042670e-15
3.379073852315896147e+03 1.290063523739638370e-15
3.381082798303114942e+03 1.528639529200051667e-15
3.383091736376840345e+03 1.750343508918673764e-15
3.385100666521129824e+03 1.570609556127718451e-15
3.387109588720041756e+03 1.605064015036487933e-15
3.389118502957633154e+03 1.365632513836126066e-15
3.391127409217962395e+03 1.708489752175306158e-15
3.393136307485086036e+03 2.164213710970377248e-15
3.395145197743062909e+03 2.493359121499126920e-15
3.397154079975950026e+03 2.288839245870846500e-15
3.399162954167805310e+03 2.562635913955375905e-15
3.401171820302686228e+03 3.051827195939583278e-15
3.403180678364650703e+03 2.582109163657017770e-15
3.405189528337756201e+03 2.991352470667599113e-15
3.407198370206060190e+03 3.081714295527492900e-15
3.409207203953621047e+03 3.463441418335792479e-15
3.411216029564495784e+03 3.103322501608406183e-15
3.413224847022742324e+03 2.588776508659789682e-15
3.415233656312418134e+03 2.627487644051230732e-15
3.417242457417581136e+03 2.098192717819663582e-15
3.419251250322288797e+03 1.910671523401830585e-15
3.421260035010599040e+03 1.888833473011563807e-15
3.423268811466569332e+03 2.001260437483305359e-15
3.425277579674257595e+03 1.762268543219820197e-15
3.427286339617721296e+03 1.451994557172885534e-15
3.429295091281017903e+03 1.571867839842651274e-15
3.431303834648205338e+03 1.675229276055592073e-15
3.433312569703341069e+03 1.621411256793232717e-15
3.435321296430483017e+03 1.406934834829633540e-15
3.437330014813689104e+03 1.482750912936510578e-15
3.439338724837016343e+03 1.187368362307349422e-15
3.441347426484522657e+03 8.212918352320992914e-16
3.443356119740265967e+03 4.025666912158549012e-16
3.445364804588303741e+03 6.124794465582741668e-16
3.447373481012693446e+03 1.148283600099367027e-15
3.449382148997493005e+03 7.803624770751164311e-16
3.451390808526759884e+03 6.867163822725418235e-16
3.453399459584552460e+03 6.598932566058592620e-16
3.455408102154927292e+03 1.149739719813133123e-15
3.457416736221942756e+03 9.601060337774344717e-16
3.459425361769656320e+03 9.924459975706481297e-16
3.461433978782125905e+03 1.107310146515457625e-15
3.463442587243408980e+03 8.741708669336469815e-16
3.465451187137563011e+03 1.329613105144407849e-15
3.467459778448645920e+03 1.088433605493921353e-15
3.469468361160715176e+03 8.599812335519115029e-16
3.471476935257829155e+03 1.146768323828602891e-15
3.473485500724044414e+03 1.041907167940767472e-15
3.475494057543419331e+03 9.942805380037679136e-16
3.477502605700011372e+03 7.896193089103512890e-16
3.479511145177878461e+03 1.146333912378637416e-15
3.481519675961078065e+03 9.490682939813308662e-16
3.483528198033667650e+03 7.690634376624971517e-16
3.485536711379705139e+03 9.398979215091521748e-16
3.487545215983247999e+03 1.066266267885084571e-15
3.489553711828354608e+03 1.146955521010406793e-15
3.491562198899081523e+03 8.036003432845065112e-16
3.493570677179487120e+03 5.996486086693307343e-16
3.495579146653628868e+03 5.986783171672635038e-16
3.497587607305564234e+03 5.793516788601334927e-16
3.499596059119351594e+03 6.766959304998088336e-16
3.501604502079047961e+03 7.648045336173527382e-16
3.503612936168711258e+03 7.800845262312080714e-16
3.505621361372398951e+03 6.202019612987971035e-16
3.507629777674168963e+03 5.137241285937127901e-16
3.509638185058078761e+03 7.239561098510809527e-16
3.511646583508186268e+03 7.866881820505348651e-16
3.513654973008548950e+03 6.927268817344645152e-16
3.515663353543224275e+03 6.937238228288238116e-16
3.517671725096270620e+03 7.040224423836411463e-16
3.519680087651744543e+03 7.021101065760505739e-16
3.521688441193704875e+03 4.810135656422064856e-16
3.523696785706208630e+03 4.574341836286248317e-16
3.525705121173313728e+03 9.847489258970992023e-16
3.527713447579077638e+03 5.735453482792215879e-16
3.529721764907558281e+03 6.829505029893508238e-16
3.531730073142812671e+03 7.434669008250500920e-16
3.533738372268899184e+03 6.485195499849732026e-16
3.535746662269875742e+03 7.578097452432242847e-16
3.537754943129798903e+03 6.214962631843485932e-16
3.539763214832727044e+03 4.856125745983330760e-16
3.541771477362718088e+03 5.130352324397837038e-16
3.543779730703829046e+03 7.220065320474201498e-16
3.545787974840118295e+03 6.603547604496902603e-16
3.547796209755642849e+03 6.697130782243570586e-16
3.549804435434461084e+03 4.307287940900840698e-16
3.551812651860630012e+03 4.611534173066472193e-16
3.553820859018207102e+03 5.809114369030683064e-16
3.555829056891250730e+03 6.438712999851880625e-16
3.557837245463818817e+03 7.022094308444210983e-16
3.559845424719967923e+03 5.992308336390882515e-16
3.561853594643756423e+03 2.002768691830752141e-16
3.563861755219241786e+03 4.192121508347503438e-16
3.565869906430481933e+03 7.724378844929490736e-16
3.567878048261534332e+03 5.803361479089023847e-16
3.569886180696456904e+03 6.795396658919505846e-16
3.571894303719306663e+03 6.361144240565468992e-16
3.573902417314141985e+03 4.049624812307292367e-16
3.575910521465019883e+03 6.294622212115506938e-16
3.577918616155999189e+03 7.145118266485543362e-16
3.579926701371136005e+03 5.880180520432556431e-16
3.581934777094489164e+03 4.538932511156581435e-16
3.583942843310115677e+03 3.599043802806095494e-16
3.585950900002073922e+03 6.598931737743807133e-16
3.587958947154420912e+03 6.122375790145524987e-16
3.589966984751214568e+03 4.674257214697995902e-16
3.591975012776512358e+03 4.055194363715112364e-16
3.593983031214372659e+03 5.371897289791551273e-16
3.595991040048852028e+03 3.688304549361370128e-16
3.597999039264008843e+03 4.895130153651935813e-16
3.600007028843901026e+03 4.558076128094973894e-16
3.602015008772585134e+03 3.915699359132334871e-16
3.604022979034119999e+03 2.883434543501121650e-16
3.606030939612563088e+03 5.482378490820078923e-16
3.608038890491971870e+03 4.629416660589160772e-16
3.610046831656403356e+03 4.597897267591883882e-16
3.612054763089916378e+03 5.083772998412129321e-16
3.614062684776567949e+03 2.282317521121975991e-16
3.616070596700415990e+03 6.738048162706226424e-16
3.618078498845517515e+03 4.573668272563111576e-16
3.620086391195931355e+03 4.668696570301799783e-16
3.622094273735714069e+03 6.432415946497242464e-16
3.624102146448924032e+03 4.431990164331615342e-16
3.626110009319618712e+03 4.039273673076087261e-16
3.628117862331855576e+03 5.869373533706903457e-16
3.630125705469692548e+03 4.031728348769662793e-16
3.632133538717187093e+03 4.987660733014138853e-16
3.634141362058397135e+03 5.533369607043253769e-16
3.636149175477380595e+03 7.975778323332418363e-16
3.638156978958194031e+03 4.696415695841013767e-16
3.640164772484896275e+03 7.427941682313958646e-16
3.642172556041544340e+03 3.990614875137557605e-16
3.644180329612196147e+03 8.376938148178141650e-16
3.646188093180909618e+03 4.701333049349098105e-16
3.648195846731741767e+03 4.788765136753731075e-16
3.650203590248750970e+03 5.624913625639720306e-16
3.652211323715994240e+03 2.188720085107901854e-16
3.654219047117529954e+03 6.061546569054374569e-16
3.656226760437415123e+03 7.568376904468846833e-16
3.658234463659707671e+03 5.533555896181651789e-16
3.660242156768465065e+03 5.173808146872753118e-16
3.662249839747745682e+03 5.976435548763644289e-16
3.664257512581606534e+03 5.435849346629588316e-16
3.666265175254105088e+03 3.897055693599227825e-16
3.668272827749299722e+03 6.757609779097277290e-16
3.670280470051247903e+03 5.551764923360328165e-16
3.672288102144006643e+03 7.114498518119448499e-16
3.674295724011634775e+03 7.053230095928955515e-16
3.676303335638188855e+03 4.037304301940303744e-16
3.678310937007727262e+03 5.715339008774158943e-16
3.680318528104307006e+03 5.111950132076739190e-16
3.682326108911986921e+03 6.260491547276509403e-16
3.684333679414823109e+03 4.555704949852126395e-16
3.686341239596874402e+03 6.696458801068954817e-16
3.688348789442198267e+03 5.772122105278883256e-16
3.690356328934852172e+03 4.891284097469321521e-16
3.692363858058893584e+03 7.177189432967642544e-16
3.694371376798380879e+03 4.380924782978309764e-16
3.696378885137371071e+03 1.852922055482851472e-16
3.698386383059921627e+03 5.315741914133642310e-16
3.700393870550090924e+03 4.587585688427545070e-16
3.702401347591936428e+03 5.580174948905066989e-16
3.704408814169515608e+03 4.224680032280058129e-16
3.706416270266886386e+03 7.629211989788289860e-16
3.708423715868106228e+03 5.427998417782566560e-16
3.710431150957233058e+03 4.591138981297956510e-16
3.712438575518323887e+03 5.953341815509476634e-16
3.714445989535437093e+03 5.709496376120395525e-16
3.716453392992630143e+03 4.217374216541195347e-16
3.718460785873960504e+03 5.721742482730057981e-16
3.720468168163486098e+03 2.811963394897777651e-16
3.722475539845264393e+03 4.085472081123170515e-16
3.724482900903353311e+03 5.343242435627852601e-16
3.726490251321810319e+03 5.907717447388641778e-16
3.728497591084693340e+03 4.933350410152978580e-16
3.730504920176059386e+03 6.109375917542786073e-16
3.732512238579966834e+03 4.129297187475955401e-16
3.734519546280473151e+03 4.658098566383515854e-16
3.736526843261635804e+03 5.537842416801947666e-16
3.738534129507512716e+03 5.179667150064448095e-16
3.740541405002161355e+03 7.866388325686086253e-16
3.742548669729639641e+03 8.145808118453205551e-16
3.744555923674005044e+03 3.474543328758948488e-16
3.746563166819315484e+03 7.083323889392460334e-16
3.748570399149627974e+03 7.538723796056651241e-16
3.750577620649000892e+03 5.040670346893581775e-16
3.752584831301491704e+03 3.063125803869427531e-16
3.754592031091157878e+03 3.202301206174957210e-16
3.756599220002057336e+03 4.927869341693145043e-16
3.758606398018247546e+03 4.607738534291810056e-16
3.760613565123786429e+03 5.891615983575483071e-16
3.762620721302730999e+03 5.390498257357429412e-16
3.764627866539140086e+03 4.918607291340527273e-16
3.766635000817070249e+03 4.527340403021075215e-16
3.768642124120579865e+03 3.166801378296540519e-16
3.770649236433726401e+03 4.863113716738007868e-16
3.772656337740567324e+03 6.240286910068612797e-16
3.774663428025160101e+03 6.691810515012267253e-16
3.776670507271563110e+03 4.181676184260585920e-16
3.778677575463833819e+03 5.869810591863348735e-16
3.780684632586029238e+03 4.348449358612077141e-16
3.782691678622208201e+03 6.133788446915916053e-16
3.784698713556426810e+03 6.172698247829554747e-16
3.786705737372744352e+03 4.181882903790889416e-16
3.788712750055217839e+03 5.609764975692360890e-16
3.790719751587904284e+03 3.890009486444773673e-16
3.792726741954862518e+03 4.451856718554901213e-16
3.794733721140149100e+03 5.570091293288455350e-16
3.796740689127822861e+03 3.285920258484714862e-16
3.798747645901940359e+03 5.908583639274202404e-16
3.800754591446559971e+03 4.421642541104873886e-16
3.802761525745739164e+03 4.316554463187391489e-16
3.804768448783535405e+03 4.923898121796569322e-16
3.806775360544006617e+03 6.522955875247523596e-16
3.808782261011210721e+03 4.757452018134970175e-16
3.810789150169204731e+03 5.583734308883464348e-16
3.812796028002047024e+03 3.931427032787679437e-16
3.814802894493794611e+03 5.353030642611237687e-16
3.816809749628505415e+03 5.975043596126104761e-16
3.818816593390236903e+03 4.408204292465547129e-16
3.820823425763047453e+03 3.542190910254135003e-16
3.822830246730994077e+03 5.944977586446617328e-16
3.824837056278134696e+03 6.028290665972480374e-16
3.826843854388526779e+03 5.459055689076982638e-16
3.828850641046228247e+03 5.423941606655611218e-16
3.830857416235296569e+03 4.143560754027958381e-16
3.832864179939789210e+03 5.528258859614892139e-16
3.834870932143764549e+03 6.888168475758148524e-16
3.836877672831279597e+03 6.358220313268236873e-16
3.838884401986392731e+03 6.859174663524734001e-16
3.840891119593160511e+03 7.388863408270179398e-16
3.842897825635641311e+03 6.218262176521369331e-16
3.844904520097893055e+03 7.482952920754045029e-16
3.846911202963973210e+03 4.506263767302952499e-16
3.848917874217939243e+03 3.496611670611176622e-16
3.850924533843848621e+03 6.744631618640243228e-16
3.852931181825759268e+03 5.714657753081885956e-16
3.854937818147729104e+03 2.811167890663650800e-16
3.856944442793815142e+03 3.800727707901005758e-16
3.858951055748076215e+03 4.806448720586261771e-16
3.860957656994568424e+03 8.070065477901297318e-16
3.862964246517351057e+03 2.353463798736826410e-16
3.864970824300480672e+03 3.488738290819699133e-16
3.866977390328015190e+03 4.173325687555486012e-16
3.868983944584012534e+03 4.133272273164176306e-16
3.870990487052529716e+03 4.281958340281711862e-16
3.872997017717625567e+03 3.583826203973799437e-16
3.875003536563356647e+03 6.360710233611932507e-16
3.877010043573780877e+03 3.173499388046379171e-16
3.879016538732956633e+03 3.483290421860772469e-16
3.881023022024940474e+03 3.036706163324739774e-16
3.883029493433791231e+03 7.248739027780351802e-16
3.885035952943565462e+03 6.894259324476164663e-16
3.887042400538321999e+03 4.899754210502616635e-16
3.889048836202116945e+03 5.120164620187471527e-16
3.891055259919009586e+03 5.551605324523690076e-16
3.893061671673056935e+03 5.523705995875722093e-16
3.895068071448316459e+03 5.786383308965676110e-16
3.897074459228845626e+03 7.142025389296777495e-16
3.899080834998703267e+03 5.072640146661359704e-16
3.901087198741945940e+03 5.909556418447734514e-16
3.903093550442631113e+03 4.893742109274656729e-16
3.905099890084817616e+03 6.706867982673374694e-16
3.907106217652562009e+03 3.314987516910985671e-16
3.909112533129922667e+03 8.165343304291874539e-16
3.911118836500957059e+03 9.160533717197634642e-16
3.913125127749723106e+03 4.801540449134948776e-16
3.915131406860277821e+03 5.641316700615315976e-16
3.917137673816679126e+03 5.156009018435431575e-16
3.919143928602984943e+03 7.370082877725263291e-16
3.921150171203253194e+03 4.838488881984823601e-16
3.923156401601540438e+03 7.796333721497535418e-16
3.925162619781905505e+03 6.432747286460603132e-16
3.927168825728405864e+03 6.908260246299092115e-16
3.929175019425098071e+03 6.581864155094223190e-16
3.931181200856041414e+03 7.434058422125907009e-16
3.933187370005292905e+03 7.579838011207962673e-16
3.935193526856909557e+03 4.450906378622515188e-16
3.937199671394949746e+03 6.732181718113048616e-16
3.939205803603471395e+03 6.031934626473681052e-16
3.941211923466531516e+03 7.904203143829388750e-16
3.943218030968188032e+03 5.906723874388045645e-16
3.945224126092498409e+03 5.046925790662819982e-16
3.947230208823521025e+03 5.913236469063890184e-16
3.949236279145312892e+03 8.820886596522275603e-16
3.951242337041931478e+03 6.929220361779109862e-16
3.953248382497435159e+03 5.801529019443660583e-16
3.955254415495881403e+03 8.018270962317431804e-16
3.957260436021327223e+03 5.819333217733565197e-16
3.959266444057830995e+03 4.906462102934095042e-16
3.961272439589450642e+03 5.931064102278607402e-16
3.963278422600242720e+03 5.675410536269061009e-16
3.965284393074266063e+03 4.261279686274583026e-16
3.967290350995577683e+03 4.210036200973675994e-16
3.969296296348235046e+03 5.866152736972464236e-16
3.971302229116296985e+03 6.491224854631557494e-16
3.973308149283819603e+03 5.453429255136145839e-16
3.975314056834861276e+03 4.988619648641503876e-16
3.977319951753480382e+03 4.289808837338401446e-16
3.979325834023733478e+03 6.483833621582530141e-16
3.981331703629678941e+03 3.523176213439022138e-16
3.983337560555373784e+03 5.616567725485788718e-16
3.985343404784876384e+03 5.136141223962892703e-16
3.987349236302244208e+03 4.456338073721156980e-16
3.989355055091534723e+03 4.333835659484427851e-16
3.991360861136805852e+03 4.612409212377348976e-16
3.993366654422115062e+03 5.883830076526731406e-16
3.995372434931519820e+03 3.588268296572753702e-16
3.997378202649078048e+03 4.108917540204615893e-16
3.999383957558847669e+03 5.181673831042259147e-16
4.001389699644885695e+03 2.708986945133376682e-16
4.003395428891250504e+03 5.637255900942689736e-16
4.005401145281999561e+03 2.589737826700101795e-16
4.007406848801190336e+03 2.886520016731814756e-16
4.009412539432880749e+03 5.534656370943228512e-16
4.011418217161127814e+03 5.006576439122889664e-16
4.013423881969989907e+03 5.608275269778865282e-16
4.015429533843524950e+03 5.980951310156157037e-16
4.017435172765789503e+03 5.991632576034354051e-16
4.019440798720842395e+03 4.075184775661251722e-16
4.021446411692740639e+03 6.797326607877750554e-16
4.023452011665542159e+03 5.104226783519446625e-16
4.025457598623303966e+03 4.694596719353872037e-16
4.027463172550084892e+03 3.906934614451207140e-16
4.029468733429941494e+03 3.081515352222991371e-16
4.031474281246932605e+03 4.438877131716786435e-16
4.033479815985114783e+03 3.884500738956697410e-16
4.035485337628546404e+03 5.099685998858320437e-16
4.037490846161284480e+03 4.073879544836395798e-16
4.039496341567386935e+03 3.765764887399342716e-16
4.041501823830912144e+03 5.421151616369336165e-16
4.043507292935916666e+03 4.411438071032058344e-16
4.045512748866459333e+03 3.297763662086950160e-16
4.047518191606596702e+03 5.695080732742165020e-16
4.049523621140387149e+03 5.149765575465106146e-16
4.051529037451888144e+03 6.253842912717016956e-16
4.053534440525157152e+03 2.441055899849500050e-16
4.055539830344252550e+03 3.472791181213986091e-16
4.057545206893230898e+03 3.301902092458190066e-16
4.059550570156150570e+03 3.664491043779060967e-16
4.061555920117069491e+03 3.953756137373021776e-16
4.063561256760044671e+03 4.224796693897679439e-16
4.065566580069134034e+03 5.358888089519653861e-16
4.067571890028395501e+03 5.970319366054016646e-16
4.069577186621886540e+03 5.533674963255960613e-16
4.071582469833664618e+03 4.280869982112990347e-16
4.073587739647787203e+03 2.152440697683004635e-16
4.075592996048313125e+03 4.295674294517733397e-16
4.077598239019298944e+03 4.880553897268804081e-16
4.079603468544802581e+03 3.980563654275461602e-16
4.081608684608881958e+03 4.410324979345159596e-16
4.083613887195594543e+03 4.869794397375373774e-16
4.085619076288997803e+03 4.952184333161569468e-16
4.087624251873149660e+03 8.560593707170530327e-16
4.089629413932108037e+03 3.313517487816635761e-16
4.091634562449930399e+03 4.186521200943965965e-16
4.093639697410673762e+03 3.580121234551705690e-16
4.095644818798396955e+03 1.619624071428774749e-16
4.097649926597156991e+03 4.883344915159024981e-16
4.099655020791011339e+03 5.277118070285973518e-16
4.101660101364018374e+03 6.544291174510890731e-16
4.103665168300235564e+03 3.362375015204215411e-16
4.105670221583719467e+03 4.487338238707238201e-16
4.107675261198529370e+03 2.297807232946728642e-16
4.109680287128721830e+03 4.701803554895425395e-16
4.111685299358354314e+03 1.499628713461404023e-16
4.113690297871486109e+03 5.091494163997678133e-16
4.115695282652173773e+03 4.338828135548962073e-16
4.117700253684474774e+03 4.912585998187446870e-16
4.119705210952446578e+03 5.577464346272857955e-16
4.121710154440148472e+03 4.751262151185866818e-16
4.123715084131636104e+03 3.215550651791943832e-16
4.125720000010967851e+03 4.565939422559238428e-16
4.127724902062202091e+03 4.371936583105267654e-16
4.129729790269396290e+03 1.503335496881393433e-16
4.131734664616607006e+03 2.120875435123078369e-16
4.133739525087892616e+03 2.920487978095876756e-16
4.135744371667311498e+03 6.092958520854131827e-16
4.137749204338921118e+03 4.814934497415876371e-16
4.139754023086778034e+03 3.269716490003718937e-16
4.141758827894940623e+03 3.577593334527557723e-16
4.143763618747465443e+03 3.418780935990116222e-16
4.145768395628412691e+03 3.394461058308664023e-16
4.147773158521838923e+03 6.782583883041811710e-16
4.149777907411800697e+03 4.168414372087626340e-16
4.151782642282356392e+03 4.237379156630571047e-16
4.153787363117563473e+03 4.380998258679473578e-16
4.155792069901480318e+03 5.559316915968142505e-16
4.157796762618164394e+03 5.548252546342107709e-16
4.159801441251673168e+03 4.330851590055259378e-16
4.161806105786063199e+03 5.598027425751500888e-16
4.163810756205394682e+03 5.001626982661846385e-16
4.165815392493723266e+03 2.469346611977067065e-16
4.167820014635106418e+03 5.242208856003694007e-16
4.169824622613603424e+03 3.131397669525312108e-16
4.171829216413270842e+03 4.582980715320297292e-16
4.173833796018167050e+03 5.810769908713718284e-16
4.175838361412348604e+03 4.000723915667391650e-16
4.177842912579874792e+03 2.835996619244595821e-16
4.179847449504801261e+03 3.710511163759008502e-16
4.181851972171187299e+03 5.495053535957413833e-16
4.183856480563090372e+03 5.487349359403606988e-16
4.185860974664567038e+03 4.441634995207501029e-16
4.187865454459676585e+03 5.602623506527358832e-16
4.189869919932474659e+03 4.256491110203228383e-16
4.191874371067021457e+03 3.587452616356878296e-16
4.193878807847372627e+03 5.257055112649993388e-16
4.195883230257586547e+03 3.609826224590436451e-16
4.197887638281720683e+03 6.018563350289586412e-16
4.199892031903833413e+03 4.432237835314740818e-16
4.201896411107981294e+03 4.443151327093140635e-16
4.203900775878222703e+03 3.654406325293400667e-16
4.205905126198615108e+03 3.858554262607967030e-16
4.207909462053215975e+03 4.025276812282753412e-16
4.209913783426083683e+03 3.693132359023339012e-16
4.211918090301275697e+03 4.423544449101580789e-16
4.213922382662849486e+03 2.955727892258137607e-16
4.215926660494861608e+03 5.583015935323078469e-16
4.217930923781372258e+03 4.035945205058119340e-16
4.219935172506436174e+03 2.797125274239509509e-16
4.221939406654113554e+03 3.023009559475478959e-16
4.223943626208460955e+03 2.133203532793573933e-16
4.225947831153534935e+03 3.833747611049205773e-16
4.227952021473395689e+03 1.559152371308948883e-16
4.229956197152098866e+03 2.395790143982277332e-16
4.231960358173702843e+03 5.622263993910741496e-16
4.233964504522265997e+03 4.440715140057696195e-16
4.235968636181843976e+03 2.097485203822457333e-16
4.237972753136496976e+03 5.489149434890956711e-16
4.239976855370280646e+03 4.790031801959149003e-16
4.241980942867253361e+03 6.602458824738225205e-16
4.243985015611473500e+03 4.007654332376371948e-16
4.245989073586997620e+03 5.372132050531283240e-16
4.247993116777883188e+03 6.429264390373844209e-16
4.249997145168189491e+03 3.122612582895014998e-16
4.252001158741973086e+03 4.413312231725762912e-16
4.254005157483292351e+03 3.995933119315856298e-16
4.256009141376202933e+03 3.404110987079483820e-16
4.258013110404765030e+03 4.615514689336886359e-16
4.260017064553034288e+03 6.468966650599591767e-16
4.262021003805070904e+03 5.013369838667331994e-16
4.264024928144929618e+03 2.875248489070490921e-16
4.266028837556670624e+03 4.576400414353467842e-16
4.268032732024349571e+03 3.809531192371803674e-16
4.270036611532024835e+03 7.334297708323490419e-16
4.272040476063754795e+03 4.691211419054013287e-16
4.274044325603596008e+03 6.385939617774162946e-16
4.276048160135607759e+03 4.776424656678108470e-16
4.278051979643845698e+03 5.328501335529406194e-16
4.280055784112368201e+03 6.460029132607341816e-16
4.282059573525233645e+03 6.112223710331571918e-16
4.284063347866499498e+03 4.612311183909432519e-16
4.286067107120223227e+03 6.726857453282524853e-16
4.288070851270462299e+03 5.503503810232916207e-16
4.290074580301274182e+03 3.999634048425596564e-16
4.292078294196717252e+03 4.568009572103893146e-16
4.294081992940848068e+03 6.509636822198574066e-16
4.296085676517725005e+03 5.456236596905470354e-16
4.298089344911406442e+03 6.989323393252851697e-16
4.300092998105949846e+03 6.245494271302019918e-16
4.302096636085411774e+03 7.286908800968164584e-16
4.304100258833850603e+03 7.718323868284150272e-16
4.306103866335324710e+03 5.490984710664662523e-16
4.308107458573889744e+03 6.326266675309974959e-16
4.310111035533605900e+03 9.136163463357374564e-16
4.312114597198527917e+03 7.922909083793425966e-16
4.314118143552715992e+03 8.117423102726179346e-16
4.316121674580227591e+03 7.623282164333598015e-16
4.318125190265119272e+03 9.238635592554647336e-16
4.320128690591448503e+03 7.171209729866089753e-16
4.322132175543274570e+03 1.164540013750087350e-15
4.324135645104653122e+03 1.032486700781282065e-15
4.326139099259644354e+03 1.009449602242159765e-15
4.328142537992303005e+03 8.978426786623326276e-16
4.330145961286689271e+03 1.267490876938560054e-15
4.332149369126858801e+03 1.192896041188449759e-15
4.334152761496870880e+03 1.237094937141739856e-15
4.336156138380782068e+03 1.318082286472145297e-15
4.338159499762650739e+03 1.055797645066274520e-15
4.340162845626534363e+03 1.401252834343621897e-15
4.342166175956490406e+03 1.143290537543320285e-15
4.344169490736576336e+03 1.362887877229418868e-15
4.346172789950850529e+03 1.477526979689703852e-15
4.348176073583370453e+03 1.030726263944553579e-15
4.350179341618193575e+03 9.952403885314755752e-16
4.352182594039377364e+03 1.227965152940978372e-15
4.354185830830980194e+03 1.111339842908621526e-15
4.356189051977058625e+03 8.101789820607630058e-16
4.358192257461671034e+03 8.369431243447739832e-16
4.360195447268874887e+03 7.262499177423929283e-16
4.362198621382728561e+03 1.059392204151270903e-15
4.364201779787288615e+03 8.620211303002324208e-16
4.366204922466613425e+03 8.485848085568406997e-16
4.368208049404760459e+03 7.928382299768285956e-16
4.370211160585788093e+03 9.313922282197564212e-16
4.372214255993752886e+03 5.403722502721857385e-16
4.374217335612712304e+03 6.291918141079895587e-16
4.376220399426725635e+03 8.283649179441659796e-16
4.378223447419848526e+03 6.094502472613645746e-16
4.380226479576140264e+03 7.553461740550729592e-16
4.382229495879658316e+03 7.718260213682581258e-16
4.384232496314459240e+03 5.007655837317545904e-16
4.386235480864602323e+03 6.189873171513757577e-16
4.388238449514143213e+03 5.885545637945572654e-16
4.390241402247142105e+03 4.444050691923268896e-16
4.392244339047654648e+03 6.898389864316002856e-16
4.394247259899738310e+03 7.164641172946940768e-16
4.396250164787452377e+03 8.835586921665552428e-16
4.398253053694854316e+03 6.066625701680668275e-16
4.400255926605999775e+03 6.695917856928042455e-16
4.402258783504948951e+03 4.897887230416258336e-16
4.404261624375757492e+03 4.609346420211094938e-16
4.406264449202484684e+03 5.067884167563661532e-16
4.408267257969187995e+03 4.499443665060911434e-16
4.410270050659923982e+03 7.543546779883311958e-16
4.412272827258751022e+03 5.266510296664513674e-16
4.414275587749726583e+03 6.658060808930538325e-16
4.416278332116908132e+03 4.995931792739844068e-16
4.418281060344354046e+03 2.883407709874519315e-16
4.420283772416121792e+03 3.195149622951501119e-16
4.422286468316268838e+03 5.686973973908129009e-16
4.424289148028852651e+03 4.641234387022214642e-16
4.426291811537931608e+03 5.616016142684052685e-16
4.428294458827562266e+03 4.270342612519843608e-16
4.430297089881803004e+03 7.520854763116589318e-16
4.432299704684712196e+03 4.334669964005036852e-16
4.434302303220345493e+03 2.152476753286269512e-16
4.436304885472762180e+03 5.932290416408935482e-16
4.438307451426020634e+03 4.590320424661298758e-16
4.440310001064175594e+03 6.279171935162962765e-16
4.442312534371288166e+03 5.500039304289414860e-16
4.444315051331413997e+03 3.567723468353351356e-16
4.446317551928610555e+03 4.905280487623976015e-16
4.448320036146936218e+03 6.286153286079930067e-16
4.450322503970449361e+03 4.584050481896718940e-16
4.452324955383206543e+03 4.606247110088644678e-16
4.454327390369265231e+03 3.579884873296998217e-16
4.456329808912683802e+03 5.598683518178062679e-16
4.458332210997519724e+03 4.252068576754364380e-16
4.460334596607831372e+03 3.011383142366598357e-16
4.462336965727674396e+03 2.893579573153393029e-16
4.464339318341108992e+03 4.054576772065698344e-16
4.466341654432191717e+03 4.551498315711488650e-16
4.468343973984979129e+03 2.550534090431182797e-16
4.470346276983530515e+03 5.031964032482008734e-16
4.472348563411903342e+03 5.159796238309758062e-16
4.474350833254154168e+03 6.237126736858365624e-16
4.476353086494341369e+03 5.228738863303548950e-16
4.478355323116523323e+03 3.249235225105800241e-16
4.480357543104756587e+03 3.113561087105246167e-16
4.482359746443098629e+03 5.873643874113693493e-16
4.484361933115608736e+03 4.658957548763608566e-16
4.486364103106343464e+03 2.360308484420179115e-16
4.488366256399360282e+03 5.010166016117944139e-16
4.490368392978716656e+03 4.001996712899438584e-16
4.492370512828471874e+03 6.620038008968600210e-16
4.494372615932681583e+03 3.294462510701644083e-16
4.496374702275405070e+03 3.775052230680370118e-16
4.498376771840698893e+03 4.993476838059080925e-16
4.500378824612620519e+03 3.992914353278993673e-16
4.502380860575229235e+03 4.440201538778938148e-16
4.504382879712581598e+03 4.038237972295666282e-16
4.506384882008735076e+03 3.230971371321621835e-16
4.508386867447747136e+03 2.660576678995873391e-16
4.510388836013677064e+03 3.669639869754191564e-16
4.512390787690580510e+03 4.262349034252038086e-16
4.514392722462516758e+03 6.855824156693283114e-16
4.516394640313542368e+03 4.384827785058352439e-16
4.518396541227715716e+03 3.700017554065918052e-16
4.520398425189094269e+03 3.002171986908978376e-16
4.522400292181734585e+03 3.929508121444949096e-16
4.524402142189695951e+03 4.098833942415167935e-16
4.526403975197035834e+03 5.148929019493091599e-16
4.528405791187811701e+03 3.476604434165154934e-16
4.530407590146080111e+03 5.120545714547684446e-16
4.532409372055899439e+03 2.515884339392415168e-16
4.534411136901328064e+03 6.164377250492194276e-16
4.536412884666423452e+03 1.542479719401521328e-16
4.538414615335243070e+03 4.351798080286713451e-16
4.540416328891844387e+03 3.826987103310570869e-16
4.542418025320284869e+03 4.155829894632266912e-16
4.544419704604622893e+03 4.444164716525252263e-16
4.546421366728915018e+03 5.084904559249343057e-16
4.548423011677219620e+03 2.626911265538446469e-16
4.550424639433595075e+03 4.346622526694289177e-16
4.552426249982097943e+03 2.057409015639455893e-16
4.554427843306786599e+03 6.175971697313130232e-16
4.556429419391717602e+03 4.110351827924296519e-16
4.558430978220950237e+03 6.337749483168334578e-16
4.560432519778541064e+03 3.590731653044978513e-16
4.562434044048548458e+03 6.824920028249702707e-16
4.564435551015028977e+03 4.874992421883801930e-16
4.566437040662040999e+03 5.896722182000891749e-16
4.568438512973642901e+03 5.074276267147057095e-16
4.570439967933891239e+03 5.223392572248608559e-16
4.572441405526844392e+03 7.712758090122936349e-16
4.574442825736558916e+03 5.075152958488434927e-16
4.576444228547094099e+03 5.622892831027118620e-16
4.578445613942505588e+03 4.353184687550952734e-16
4.580446981906853580e+03 5.474727460242632101e-16
4.582448332424193723e+03 4.545558944213076973e-16
4.584449665478585302e+03 7.381303323476324675e-16
4.586450981054083968e+03 4.771447906013607220e-16
4.588452279134749006e+03 3.669302215307891604e-16
4.590453559704636973e+03 4.265075331762207906e-16
4.592454822747806247e+03 4.912410967349866268e-16
4.594456068248315205e+03 5.901513480899003133e-16
4.596457296190220404e+03 3.347758443051523302e-16
4.598458506557579312e+03 3.380537577766084110e-16
4.600459699334451216e+03 4.557550371623414414e-16
4.602460874504891763e+03 4.185383794916604868e-16
4.604462032052959330e+03 7.495212373473644604e-16
4.606463171962712295e+03 3.881336478829620834e-16
4.608464294218207215e+03 2.287722321961422772e-16
4.610465398803502467e+03 4.224289816482244093e-16
4.612466485702656428e+03 5.671083378980303827e-16
4.614467554899725656e+03 5.364844816831871636e-16
4.616468606378767618e+03 4.512288146159302040e-16
4.618469640123840691e+03 5.591208735452985252e-16
4.620470656119002342e+03 3.105212040889222010e-16
4.622471654348310039e+03 4.188270445646935199e-16
4.624472634795822160e+03 3.497080112983323539e-16
4.626473597445594351e+03 2.232307558522185082e-16
4.628474542281687718e+03 3.020051139475507810e-16
4.630475469288157001e+03 2.905056409871065883e-16
4.632476378449060576e+03 3.098877402097319396e-16
4.634477269748456820e+03 4.911054882599613122e-16
4.636478143170403200e+03 2.675619091500582894e-16
4.638478998698957184e+03 5.353779728002475648e-16
4.640479836318176240e+03 4.433299688134407395e-16
4.642480656012117834e+03 3.163587122388172876e-16
4.644481457764841252e+03 5.162597604578255584e-16
4.646482241560401235e+03 2.975240961606379381e-16
4.648483007382857977e+03 3.882498781565341922e-16
4.650483755216268037e+03 4.167705550660369412e-16
4.652484485044689791e+03 4.412773592450208440e-16
4.654485196852180707e+03 5.046397066294268167e-16
4.656485890622798252e+03 4.447088742700125609e-16
4.658486566340598984e+03 2.464228043343096243e-16
4.660487223989642189e+03 3.462131416488343530e-16
4.662487863553985335e+03 6.387038979178068599e-16
4.664488485017685889e+03 3.099505684982324130e-16
4.666489088364800409e+03 3.482365616878435808e-16
4.668489673579388182e+03 3.939429689722910986e-16
4.670490240645506674e+03 3.004478267638852712e-16
4.672490789547213353e+03 4.212737474907405043e-16
4.674491320268564778e+03 4.600950022113950745e-16
4.676491832793619324e+03 6.547506263644909579e-16
4.678492327106435368e+03 6.315590692234758155e-16
4.680492803191069470e+03 3.861399558572373050e-16
4.682493261031580914e+03 3.743083789821472772e-16
4.684493700612025350e+03 2.578405712749127309e-16
4.686494121916462063e+03 4.705640435267806247e-16
4.688494524928947612e+03 3.171652827085570699e-16
4.690494909633540374e+03 4.856100540499317265e-16
4.692495276014298724e+03 3.375027751986510073e-16
4.694495624055278313e+03 4.811199316315870366e-16
4.696495953740537516e+03 3.604458111133298823e-16
4.698496265054134710e+03 3.699529756222277781e-16
4.700496557980127363e+03 2.480565172004483803e-16
4.702496832502572943e+03 3.725351296718557782e-16
4.704497088605529825e+03 4.258862226426123392e-16
4.706497326273054568e+03 3.441506106287126947e-16
4.708497545489204640e+03 3.599500366190017234e-16
4.710497746238039326e+03 3.184524519330121703e-16
4.712497928503615185e+03 5.702945685543029459e-16
4.714498092269989684e+03 2.181310656867983644e-16
4.716498237521221199e+03 4.577407122733376699e-16
4.718498364241366289e+03 2.350819642693326805e-16
4.720498472414484240e+03 2.451509182806472680e-16
4.722498562024632520e+03 4.225366614557424859e-16
4.724498633055866776e+03 4.429005228147734113e-16
4.726498685492246295e+03 3.780505973677844872e-16
4.728498719317829455e+03 2.694793935370853603e-16
4.730498734516671902e+03 1.849059292261817100e-16
4.732498731072832925e+03 7.040225562970438016e-17
4.734498708970369989e+03 1.896762159766764829e-16
4.736498668193339654e+03 4.222538696910576164e-16
4.738498608725800295e+03 4.690935702550143196e-16
4.740498530551810290e+03 5.225759364319756617e-16
4.742498433655426197e+03 3.469313350062145528e-16
4.744498318020706392e+03 3.120032495000731551e-16
4.746498183631708343e+03 4.235529134971956859e-16
4.748498030472489518e+03 2.881345484041559141e-16
4.750497858527107383e+03 3.266707996934615157e-16
4.752497667779621224e+03 2.583356562394566928e-16
4.754497458214085782e+03 1.440707956163724717e-17
4.756497229814562161e+03 2.897398885391239421e-16
4.758496982565105100e+03 7.871534884270187940e-17
4.760496716449773885e+03 4.231308354818874500e-16
4.762496431452625075e+03 4.736509436010503830e-16
4.764496127557717045e+03 4.061824306239073109e-16
4.766495804749108174e+03 2.834421461753583607e-16
4.768495463010855019e+03 4.181322587898099542e-16
4.770495102327015047e+03 4.007198465337339991e-16
4.772494722681647545e+03 4.635165682816988499e-16
4.774494324058809070e+03 3.575427311322597875e-16
4.776493906442556181e+03 2.479899400688022034e-16
4.778493469816949073e+03 3.079386077874249563e-16
4.780493014166043395e+03 3.737689565738710333e-16
4.782492539473897523e+03 3.570830652231935170e-16
4.784492045724568925e+03 1.826045893604729894e-16
4.786491532902115068e+03 5.537611566802374784e-16
4.788491000990595239e+03 4.553717759467049888e-16
4.790490449974065086e+03 5.176542635865538992e-16
4.792489879836582986e+03 3.516067010372151842e-16
4.794489290562206406e+03 1.571620065671260849e-16
4.796488682134993724e+03 3.698438570701412186e-16
4.798488054539002405e+03 3.582962134824500494e-16
4.800487407758289010e+03 3.296030189032568598e-16
4.802486741776912822e+03 5.770380634678309213e-16
4.804486056578930402e+03 2.503536385826888647e-16
4.806485352148400125e+03 3.550457883190226469e-16
4.808484628469378549e+03 3.200234970037710737e-16
4.810483885525924052e+03 3.347262225574823296e-16
4.812483123302095009e+03 4.905203531873122873e-16
4.814482341781947980e+03 9.033143588368392714e-17
4.816481540949541341e+03 4.056620896497942111e-16
4.818480720788932558e+03 5.179290617587382598e-16
4.820479881284179100e+03 4.081527846246101128e-16
4.822479022419339344e+03 4.357704764790712953e-16
4.824478144178469847e+03 4.470231545526218328e-16
4.826477246545628986e+03 5.431459456111751147e-16
4.828476329504874229e+03 2.746645696393717201e-16
4.830475393040263043e+03 9.145145274631104160e-17
4.832474437135853805e+03 4.187039376634599774e-16
4.834473461775703072e+03 3.866705401269427881e-16
4.836472466943870131e+03 5.531763544387100962e-16
4.838471452624410631e+03 3.392386727314010645e-16
4.840470418801383857e+03 1.723943190061078968e-16
4.842469365458846369e+03 4.676563820691669209e-16
4.844468292580857451e+03 4.987146936429187538e-16
4.846467200151472753e+03 2.642327211687498012e-16
4.848466088154751560e+03 2.573368709713835263e-16
4.850464956574750431e+03 1.265954639606509617e-16
4.852463805395527743e+03 1.866777617991919381e-16
4.854462634601140962e+03 4.529727231819242475e-16
4.856461444175647557e+03 6.153928809762481090e-16
4.858460234103104995e+03 4.453127320563849902e-16
4.860459004367571652e+03 4.053782618536045239e-16
4.862457754953104086e+03 2.018756110716229349e-16
4.864456485843762493e+03 4.056769146290051557e-16
4.866455197023601613e+03 3.241446718244745185e-16
4.868453888476679822e+03 5.062492323071871427e-16
4.870452560187055496e+03 3.855803139519859500e-16
4.872451212138786104e+03 2.422804833820347719e-16
4.874449844315930022e+03 4.684450943424907908e-16
4.876448456702542899e+03 3.161707629247033142e-16
4.878447049282684929e+03 1.975542472738422558e-16
4.880445622040411763e+03 4.789655646814104185e-16
4.882444174959781776e+03 3.777531106715225857e-16
4.884442708024852436e+03 3.968942961073073802e-16
4.886441221219682120e+03 1.496130786491350784e-16
4.888439714528328295e+03 4.323461617858148032e-16
4.890438187934847520e+03 3.916961855223303263e-16
4.892436641423299079e+03 3.122637054337399272e-16
4.894435074977738623e+03 4.541740667702100836e-16
4.896433488582226346e+03 4.980551767375336233e-16
4.898431882220818807e+03 4.011425695461753491e-16
4.900430255877572563e+03 2.562114249665038476e-16
4.902428609536546901e+03 4.144314218995629116e-16
4.904426943181798379e+03 5.184142205167775590e-16
4.906425256797385373e+03 3.135967203538208365e-16
4.908423550367365351e+03 4.538284573855300726e-16
4.910421823875795781e+03 2.770964459985656292e-16
4.912420077306734129e+03 6.767177631781052168e-16
4.914418310644238773e+03 1.481036741525273552e-16
4.916416523872367179e+03 5.567312893202565447e-16
4.918414716975175907e+03 4.651327660863651247e-16
4.920412889936724241e+03 2.802002086321153472e-16
4.922411042741068741e+03 3.873630273864594910e-16
4.924409175372268692e+03 1.614607353434766995e-16
4.926407287814379742e+03 4.445317822426939074e-16
4.928405380051460270e+03 4.185514839753329863e-16
4.930403452067568651e+03 3.988444616266169615e-16
4.932401503846760534e+03 2.709755569582102598e-16
4.934399535373097024e+03 3.729980931128738715e-16
4.936397546630632860e+03 3.531621221703963282e-16
4.938395537603426419e+03 3.423179710076472171e-16
4.940393508275535169e+03 2.474840489384867673e-16
4.942391458631018395e+03 2.207381381343952136e-16
4.944389388653931746e+03 3.074342780170215249e-16
4.946387298328333600e+03 3.408022109397964059e-16
4.948385187638282332e+03 5.531816645237833515e-17
4.950383056567834501e+03 1.516883834270523516e-16
4.952380905101048484e+03 3.110464617873793869e-16
4.954378733221981747e+03 2.956643783413690716e-16
4.956376540914692669e+03 1.681449063262671324e-16
4.958374328163237806e+03 3.605000146277709902e-16
4.960372094951675535e+03 3.492164823099040215e-16
4.962369841264062416e+03 1.648954456098778164e-16
4.964367567084457733e+03 2.618856741501886358e-16
4.966365272396917135e+03 3.443567843633756669e-16
4.968362957185500818e+03 5.812405517156674061e-16
4.970360621434265340e+03 2.387382997461783541e-16
4.972358265127267259e+03 2.379898157105234986e-16
4.974355888248564952e+03 3.355791661724902984e-16
4.976353490782217705e+03 4.495927478903983607e-16
4.978351072712280256e+03 5.064285054887335479e-16
4.980348634022812803e+03 4.156586832887608916e-16
4.982346174697871902e+03 3.331836680371448101e-16
4.984343694721515021e+03 2.850143483923210748e-16
4.986341194077800537e+03 3.049170464942116858e-16
4.988338672750784099e+03 1.975098534978227197e-16
4.990336130724526811e+03 4.044773313651370147e-16
4.992333567983084322e+03 1.383489568989548316e-16
4.994330984510514099e+03 4.242509969500290134e-16
4.996328380290874520e+03 4.601371120626160176e-16
4.998325755308223052e+03 4.106596795090383242e-16
5.000323109546617161e+03 4.313947197439487003e-16
5.002320442990114316e+03 2.598837607180749943e-16
5.004317755622772893e+03 2.510666475613842918e-16
5.006315047428649450e+03 3.156474639926035460e-16
5.008312318391803274e+03 2.366099495507895889e-16
5.010309568496290922e+03 4.307935369579871803e-16
5.012306797726169862e+03 3.193718365896263287e-16
5.014304006065498470e+03 2.662380926208115446e-16
5.016301193498334214e+03 1.004688564399534584e-16
5.018298360008734562e+03 2.381243132967735987e-16
5.020295505580756981e+03 5.302839230521363636e-16
5.022292630198459847e+03 5.449643765893415200e-16
5.024289733845900628e+03 4.194024929535599814e-16
5.026286816507135882e+03 4.496418337660400180e-16
5.028283878166224895e+03 2.985385318293570342e-16
5.030280918807224225e+03 3.301861132597663414e-16
5.032277938414192249e+03 2.424313566478747468e-16
5.034274936971187344e+03 3.898140862399885382e-16
5.036271914462264249e+03 1.552022847096648915e-16
5.038268870871484069e+03 2.304224455729812877e-16
5.040265806182902452e+03 3.457113584119047698e-16
5.042262720380576866e+03 1.870251555913937992e-16
5.044259613448566597e+03 4.687873489274224648e-16
5.046256485370928203e+03 3.582423129274976353e-16
5.048253336131720062e+03 4.786057113504165540e-16
5.050250165714998730e+03 2.292699201663999929e-16
5.052246974104822584e+03 3.879861897238003371e-16
5.054243761285249093e+03 2.288823894646041439e-16
5.056240527240335723e+03 2.867017959832513949e-16
5.058237271954140851e+03 2.470479553164782398e-16
5.060233995410721946e+03 2.931554686315143170e-16
5.062230697594135563e+03 2.815187699229924946e-16
5.064227378488441900e+03 3.822883021630371331e-16
5.066224038077695695e+03 2.559093321747949248e-16
5.068220676345956235e+03 3.152698234723477584e-16
5.070217293277280987e+03 4.067960901097594809e-16
5.072213888855727419e+03 3.718667682776492750e-16
5.074210463065352997e+03 4.770657333238416195e-16
5.076207015890216098e+03 2.616227907528488032e-16
5.078203547314374191e+03 2.900593572041930769e-16
5.080200057321884742e+03 3.885099133126957874e-16
5.082196545896804309e+03 5.613278287036143758e-16
5.084193013023193089e+03 2.276413197492874281e-16
5.086189458685106729e+03 1.880393697494677701e-16
5.088185882866603606e+03 4.508476128047252880e-16
5.090182285551740279e+03 1.960516919747652584e-16
5.092178666724576942e+03 1.613912610383101525e-16
5.094175026369169245e+03 4.202740472872273860e-16
5.096171364469575565e+03 2.792387367791525699e-16
5.098167681009852458e+03 5.469412238473928122e-16
5.100163975974059213e+03 3.334031377662570044e-16
5.102160249346252385e+03 3.711483704664320788e-16
5.104156501110490353e+03 4.291868123481389613e-16
5.106152731250830584e+03 1.095700423750617785e-16
5.108148939751330545e+03 3.021907930154690702e-16
5.110145126596047703e+03 4.217557566562880170e-16
5.112141291769040436e+03 2.261410278499407436e-16
5.114137435254366210e+03 4.906155379093311354e-16
5.116133557036081584e+03 3.509816770281638820e-16
5.118129657098244934e+03 3.455365779408676520e-16
5.120125735424915547e+03 4.094491516688237892e-16
5.122121792000149071e+03 3.309310439074734441e-16
5.124117826808003883e+03 3.034582247761944210e-16
5.126113839832536542e+03 2.527586833350919307e-16
5.128109831057807241e+03 -9.851031371535326853e-18
5.130105800467870722e+03 3.826699783227960921e-16
5.132101748046787179e+03 4.458882933062545442e-16
5.134097673778612261e+03 3.741971512200535251e-16
5.136093577647405255e+03 3.153445019069985062e-16
5.138089459637221807e+03 2.571217803966218096e-16
5.140085319732123025e+03 2.930538481076028526e-16
5.142081157916162738e+03 6.431574769981712066e-16
5.144076974173401140e+03 1.851802245009861329e-16
5.146072768487894791e+03 2.038103865604237003e-16
5.148068540843701157e+03 3.509377166557475064e-16
5.150064291224878616e+03 5.351001268362814590e-16
5.152060019615484634e+03 3.426427032635601529e-16
5.154055725999577589e+03 3.437285633784727221e-16
5.156051410361214039e+03 1.516183875049500834e-17
5.158047072684452360e+03 2.616168446298233966e-16
5.160042712953349110e+03 4.709621944877285825e-16
5.162038331151963575e+03 8.233215143961569131e-17
5.164033927264352315e+03 4.472122058742391444e-16
5.166029501274571885e+03 4.320376041775148382e-16
5.168025053166683392e+03 1.817198697061583810e-16
5.170020582924741575e+03 3.413836203220385378e-16
5.172016090532804810e+03 4.833567545257267872e-16
5.174011575974931475e+03 5.040234905886304715e-16
5.176007039235178127e+03 3.328302379069705142e-16
5.178002480297603142e+03 4.156594971774103461e-16
5.179997899146264899e+03 3.583322642530763045e-16
5.181993295765219045e+03 2.803123854003474791e-16
5.183988670138525777e+03 3.115455687060635173e-16
5.185984022250239832e+03 3.429244154782194150e-16
5.187979352084421407e+03 3.548048249177008887e-16
5.189974659625127060e+03 3.222607354769918957e-16
5.191969944856415168e+03 3.493054267276531436e-16
5.193965207762341379e+03 2.428394016994303546e-16
5.195960448326966798e+03 3.436320150505757528e-16
5.197955666534345255e+03 2.701970884692773527e-16
5.199950862368537855e+03 1.740413552084616135e-16
5.201946035813600247e+03 3.923921701001293317e-16
5.203941186853589898e+03 3.744956009151256116e-16
5.205936315472565184e+03 2.704313277970072115e-16
5.207931421654584483e+03 2.476799547163799234e-16
5.209926505383705262e+03 5.334508465912454170e-16
5.211921566643984079e+03 9.829329297544453442e-17
5.213916605419479311e+03 8.627923984355054893e-17
5.215911621694247515e+03 3.641820934661911187e-16
5.217906615452347978e+03 4.540745841190929933e-16
5.219901586677837258e+03 3.068014842798771352e-16
5.221896535354774642e+03 4.298980008662961912e-16
5.223891461467215777e+03 4.020365989506858614e-16
5.225886364999219950e+03 4.151353341241034092e-16
5.227881245934842809e+03 2.985172102559152800e-16
5.229876104258144551e+03 4.565804113518643670e-16
5.231870939953181733e+03 1.419327900930114205e-16
5.233865753004010912e+03 2.276997436721464091e-16
5.235860543394690467e+03 2.705782566157408823e-16
5.237855311109279683e+03 2.288916641259973904e-16
5.239850056131834208e+03 1.930778858797342893e-16
5.241844778446412420e+03 3.496750838017562193e-16
5.243839478037071785e+03 5.025264636356010173e-16
5.245834154887870682e+03 4.715268781821070828e-16
5.247828808982865667e+03 5.685804053019053392e-16
5.249823440306114207e+03 4.578967193204669377e-16
5.251818048841676500e+03 2.891357605699213615e-16
5.253812634573607284e+03 2.138218883538778565e-16
5.255807197485965844e+03 5.042046608900632177e-16
5.257801737562809649e+03 3.159649327426440101e-16
5.259796254788196165e+03 2.941942597049006703e-16
5.261790749146181952e+03 2.580534390000490814e-16
5.263785220620826294e+03 3.748679953770811151e-17
5.265779669196186660e+03 -9.000040125506725772e-18
5.267774094856320517e+03 3.094210444557329778e-16
5.269768497585284422e+03 5.489192088097031607e-16
5.271762877367138572e+03 4.507268839277087654e-16
5.273757234185937705e+03 5.169581320803310904e-16
5.275751568025741108e+03 1.566605954979918726e-16
5.277745878870606248e+03 2.377000796064217463e-16
5.279740166704590592e+03 3.439198004780219623e-16
5.281734431511752518e+03 4.175558854676123651e-16
5.283728673276149493e+03 3.094708307934853322e-16
5.285722891981837165e+03 5.254914381660351863e-16
5.287717087612876639e+03 4.960758588323472404e-16
5.289711260153322655e+03 5.158557850293970341e-16
5.291705409587235408e+03 3.691473297641815997e-16
5.293699535898669637e+03 3.559638669942723805e-16
5.295693639071685539e+03 1.663368115974177341e-16
5.297687719090339669e+03 1.472638727506881565e-16
5.299681775938690407e+03 4.065834926396185730e-16
5.301675809600794310e+03 2.610486345489765882e-16
5.303669820060708844e+03 5.065159534099120389e-16
5.305663807302493296e+03 2.002291434712620959e-16
5.307657771310205135e+03 3.507483694209763200e-16
5.309651712067900007e+03 3.594483334734274448e-16
5.311645629559638110e+03 4.587751401925681645e-16
5.313639523769474181e+03 3.654262673722818273e-16
5.315633394681469326e+03 3.708554127369016972e-16
5.317627242279679194e+03 5.392653510630277710e-16
5.319621066548161252e+03 3.069633566476520615e-16
5.321614867470974787e+03 5.243667358358671299e-16
5.323608645032174536e+03 4.699371341262363850e-16
5.325602399215822516e+03 3.839068127209021480e-16
5.327596130005971645e+03 5.349712468668746992e-16
5.329589837386683939e+03 2.845894344094596226e-16
5.331583521342014137e+03 4.688350541391222520e-16
5.333577181856019706e+03 2.116956794463734796e-16
5.335570818912759933e+03 5.635073045259752097e-16
5.337564432496292284e+03 3.981677710879109022e-16
5.339558022590674227e+03 3.907529244726101036e-16
5.341551589179963230e+03 5.011591739334521608e-16
5.343545132248216760e+03 5.583701912276844112e-16
5.345538651779492284e+03 1.454562205608703821e-16
5.347532147757849089e+03 2.540773312115176554e-16
5.349525620167343732e+03 4.586173007753617581e-16
5.351519068992032771e+03 3.328675121020835488e-16
5.353512494215974584e+03 3.037739808974057766e-16
5.355505895823228457e+03 3.536638627344196881e-16
5.357499273797850037e+03 1.871491417656491374e-16
5.359492628123898612e+03 3.399901281044066433e-16
5.361485958785429830e+03 4.180108290544573766e-16
5.363479265766502976e+03 2.288086938181856884e-16
5.365472549051175520e+03 3.482105324165595639e-16
5.367465808623504927e+03 2.899208714764293355e-16
5.369459044467548665e+03 4.409290022173236558e-16
5.371452256567363293e+03 2.375416050269971052e-16
5.373445444907009005e+03 3.171610089450051597e-16
5.375438609470542360e+03 3.229657774609857708e-16
5.377431750242019916e+03 3.923543266119519798e-16
5.379424867205501869e+03 4.094476402555398626e-16
5.381417960345042957e+03 3.484208227590462420e-16
5.383411029644703376e+03 4.450714448527059511e-16
5.385404075088537866e+03 3.517669770247239723e-16
5.387397096660607531e+03 6.541991269484934569e-16
5.389390094344968020e+03 3.287822786754126826e-16
5.391383068125676800e+03 2.373887783059550981e-16
5.393376017986791339e+03 4.084120180154704061e-16
5.395368943912371833e+03 2.254996535654526760e-16
5.397361845886473020e+03 1.233484818002728333e-16
5.399354723893154187e+03 3.045403330215149128e-16
5.401347577916471892e+03 3.058059278847953321e-16
5.403340407940484511e+03 2.772333583595705091e-16
5.405333213949250421e+03 3.774379765576372594e-16
5.407325995926827090e+03 3.951816650718489484e-16
5.409318753857270167e+03 3.136111550509126105e-16
5.411311487724638937e+03 2.773584247056516620e-16
5.413304197512991777e+03 2.986787364514742712e-16
5.415296883206385246e+03 3.102651823803713544e-16
5.417289544788876810e+03 4.062208568838803212e-16
5.419282182244523938e+03 3.138139828072142750e-16
5.421274795557386824e+03 2.594500350111961540e-16
5.423267384711520208e+03 2.454009409585118349e-16
5.425259949690982467e+03 2.179622141543264824e-16
5.427252490479831977e+03 4.189998440260533769e-16
5.429245007062125296e+03 1.694950434462556886e-16
5.431237499421921711e+03 5.367778989120737421e-17
5.433229967543276871e+03 3.335201216836675774e-16
5.435222411410251880e+03 1.350551134366270631e-16
5.437214831006900567e+03 4.744593904407374100e-16
5.439207226317282220e+03 2.703870610842519700e-16
5.441199597325454306e+03 1.753639599911533250e-16
5.443191944015474292e+03 -2.883721808159598471e-18
5.445184266371401463e+03 2.477251045767464711e-16
5.447176564377290561e+03 3.253521963284774116e-16
5.449168838017201779e+03 3.125535263344701673e-16
5.451161087275192585e+03 2.371374843613127733e-16
5.453153312135319538e+03 3.115590826916590775e-16
5.455145512581640105e+03 7.189770919246672061e-17
5.457137688598213572e+03 1.739300407241649836e-16
5.459129840169095587e+03 4.839229288738632393e-16
5.461121967278345437e+03 4.236170436818549494e-16
5.463114069910019680e+03 2.187981917657737823e-16
5.465106148048176692e+03 3.371039974859238274e-16
5.467098201676874851e+03 2.387509045953933591e-16
5.469090230780169804e+03 5.760571972180460733e-16
5.471082235342120839e+03 3.862355464669760480e-16
5.473074215346785422e+03 3.633062091527831812e-16
5.475066170778220112e+03 3.011726541346685320e-16
5.477058101620484194e+03 2.477541619548262872e-16
5.479050007857634228e+03 3.231287039930312061e-16
5.481041889473728588e+03 3.274991701877307007e-16
5.483033746452823834e+03 1.201899379589189668e-16
5.485025578778979252e+03 4.839740472495811487e-16
5.487017386436251400e+03 2.789791403768675061e-16
5.489009169408696835e+03 3.193876376299659982e-16
5.491000927680375753e+03 1.544908523980381169e-16
5.492992661235344713e+03 2.190504826450827781e-16
5.494984370057662090e+03 2.571460894195849999e-16
5.496976054131382625e+03 8.861608978895484617e-17
5.498967713440568332e+03 3.738050268207035045e-16
5.500959347969273040e+03 -1.127670204196212469e-17
5.502950957701556035e+03 2.022252495934427849e-18
5.504942542621476605e+03 3.666356592737591399e-16
5.506934102713089487e+03 5.051956846965348663e-16
5.508925637960453969e+03 4.810791085583747233e-16
5.510917148347627517e+03 4.110250837480527885e-16
5.512908633858667599e+03 3.919097730563439895e-16
5.514900094477632592e+03 3.666398925705685851e-16
5.516891530188579054e+03 1.542977315716358739e-16
5.518882940975564452e+03 3.188636858538193563e-16
5.520874326822648072e+03 3.562943527756586402e-16
5.522865687713886473e+03 3.006882650740052383e-16
5.524857023633338031e+03 2.810133953747703969e-16
5.526848334565059304e+03 2.851767405610378035e-16
5.528839620493108669e+03 1.419516499440011486e-16
5.530830881401543593e+03 1.493205958848629059e-16
5.532822117274421544e+03 3.260696153590821985e-16
5.534813328095800898e+03 1.471180904315949087e-16
5.536804513849740033e+03 4.863181291523740094e-16
5.538795674520293687e+03 1.958931403581704273e-16
5.540786810091522966e+03 3.655060912151869873e-16
5.542777920547482609e+03 3.764489868559227484e-16
5.544769005872232810e+03 3.767423463941980107e-16
5.546760066049828310e+03 1.528910366527481687e-16
5.548751101064330214e+03 1.508310995749338646e-16
5.550742110899793261e+03 2.549441426639223879e-16
5.552733095540277645e+03 1.074468682346203061e-16
5.554724054969839017e+03 2.323845392670426718e-16
5.556714989172534843e+03 2.607596747665835823e-16
5.558705898132425318e+03 4.938040843778620973e-17
5.560696781833565183e+03 1.950097423030915514e-16
5.562687640260013723e+03 2.002660427561039599e-16
5.564678473395829315e+03 2.538437725862041660e-16
5.566669281225067607e+03 3.260687599996020864e-16
5.568660063731787886e+03 9.153373445574725841e-18
5.570650820900047620e+03 2.596369956476844478e-16
5.572641552713902456e+03 2.801655881299728612e-16
5.574632259157412591e+03 3.796496607987323933e-16
5.576622940214634582e+03 5.146208886001005581e-16
5.578613595869626806e+03 2.413442946992509794e-16
5.580604226106446731e+03 3.441662203277429321e-17
5.582594830909150915e+03 4.001266200511820576e-16
5.584585410261797733e+03 6.386473273719807652e-17
5.586575964148445564e+03 3.073282331664942109e-16
5.588566492553150965e+03 1.603811187963237372e-16
5.590556995459972313e+03 4.239672068001572402e-16
5.592547472852967985e+03 1.719561935153357052e-16
5.594537924716192720e+03 4.607691751667744069e-16
5.596528351033708532e+03 3.618620334776014047e-16
5.598518751789569251e+03 5.922083468799339451e-16
5.600509126967834163e+03 2.892425199772666875e-16
5.602499476552560736e+03 1.902157424974567272e-16
5.604489800527808256e+03 9.229981799382367194e-17
5.606480098877630553e+03 1.513235029773589593e-16
5.608470371586088731e+03 2.080390111316511474e-16
5.610460618637240259e+03 2.100988789360600990e-16
5.612450840015140784e+03 3.415468786380663748e-16
5.614441035703848684e+03 3.881088241802183349e-16
5.616431205687422334e+03 1.195934797564495999e-16
5.618421349949920113e+03 1.406239208328499730e-16
5.620411468475397669e+03 3.755970578062056952e-16
5.622401561247914287e+03 1.929140878653778558e-16
5.624391628251526527e+03 3.790303711026868821e-16
5.626381669470292763e+03 4.066158430103361561e-16
5.628371684888270465e+03 1.592430636235648655e-16
5.630361674489517100e+03 2.613956977733456316e-16
5.632351638258091043e+03 1.444077394311750330e-16
5.634341576178048854e+03 1.313002215890275613e-16
5.636331488233448908e+03 3.344085875448012869e-16
5.638321374408348674e+03 3.278417683739901353e-16
5.640311234686805619e+03 1.124548649427879810e-16
5.642301069052879029e+03 6.880674309699341400e-17
5.644290877490624553e+03 1.666911893920259708e-16
5.646280659984100566e+03 1.584356293718931107e-16
5.648270416517364538e+03 2.361073563679941534e-16
5.650260147074473934e+03 2.345958243466298189e-16
5.652249851639488043e+03 1.463000318777436090e-16
5.654239530196462511e+03 2.482346547510368715e-16
5.656229182729455715e+03 2.690817389468866250e-16
5.658218809222525124e+03 2.853296336773356168e-16
5.660208409659729114e+03 1.538561542820710776e-16
5.662197984025124242e+03 2.262072439095380806e-16
5.664187532302770705e+03 2.666140273614720039e-16
5.666177054476722333e+03 3.268678337410018778e-16
5.668166550531039320e+03 2.150389849457576036e-16
5.670156020449780044e+03 3.819751196290662995e-16
5.672145464216999244e+03 5.737645126983999524e-16
5.674134881816757115e+03 3.671440987227050554e-16
5.676124273233110216e+03 2.959463087520558020e-16
5.678113638450116923e+03 4.400772105983036190e-16
5.680102977451834704e+03 3.420384772703463305e-16
5.682092290222321026e+03 3.768343993452800583e-16
5.684081576745633356e+03 2.767958843069715768e-16
5.686070837005829162e+03 -1.109429598269242563e-17
5.688060070986966821e+03 1.983204224806837142e-16
5.690049278673102890e+03 2.715657900768846142e-16
5.692038460048297566e+03 3.695964908203391882e-16
5.694027615096605587e+03 2.193415478099045222e-16
5.696016743802085330e+03 2.144632940552652448e-16
5.698005846148795172e+03 1.725707524996202368e-16
5.699994922120793490e+03 1.562651238193075575e-16
5.701983971702136841e+03 3.675539072635665669e-16
5.703972994876881785e+03 2.268731432690858414e-16
5.705961991629088516e+03 3.384450442626662190e-16
5.707950961942813592e+03 1.857384472952748871e-16
5.709939905802113572e+03 1.400922330746125370e-16
5.711928823191047741e+03 1.976115039584255026e-16
5.713917714093673567e+03 2.850802878421794492e-16
5.715906578494046698e+03 1.846074576521143921e-16
5.717895416376228241e+03 3.573525752897702140e-16
5.719884227724272932e+03 4.943775345789912545e-16
5.721873012522240060e+03 1.746167458171032200e-16
5.723861770754187091e+03 2.529397486642304276e-16
5.725850502404170584e+03 2.029851077987382616e-16
5.727839207456248914e+03 1.495624313660877006e-16
5.729827885894480460e+03 1.911878930832884780e-16
5.731816537702921778e+03 5.125768970759638985e-16
5.733805162865630336e+03 2.733803385226978210e-16
5.735793761366665422e+03 1.450804512875110513e-16
5.737782333190084501e+03 2.398846184785704374e-16
5.739770878319943222e+03 2.017347005236560680e-16
5.741759396740300872e+03 3.669010010077833881e-16
5.743747888435214918e+03 5.314972370146256813e-16
5.745736353388742828e+03 1.432412108538146921e-16
5.747724791584942977e+03 8.864377447106751313e-17
5.749713203007871925e+03 3.245226595202772260e-16
5.751701587641587139e+03 2.746842935686091996e-16
5.753689945470147904e+03 1.085743486764072530e-16
5.755678276477610780e+03 2.412081962689640763e-16
5.757666580648033232e+03 2.764280992904045625e-16
5.759654857965473639e+03 2.664602845252652752e-16
5.761643108413989466e+03 3.399439564548273253e-16
5.763631331977637274e+03 2.073408367297920854e-16
5.765619528640476346e+03 3.227679322012011772e-16
5.767607698386564152e+03 3.307468034684288537e-16
5.769595841199957249e+03 3.863652380616482317e-16
5.771583957064714014e+03 1.885242464427454214e-16
5.773572045964892823e+03 3.938243440083193217e-17
5.775560107884550234e+03 3.530251024426635519e-16
5.777548142807743716e+03 1.233024466022016241e-16
5.779536150718531644e+03 1.633542272743983387e-16
5.781524131600972396e+03 1.890185368687708880e-16
5.783512085439122529e+03 -4.463210315216064214e-17
5.785500012217039512e+03 1.765038052313091180e-16
5.787487911918780810e+03 4.079145529637883110e-16
5.789475784528406621e+03 4.404642218802787529e-16
5.791463630029971682e+03 1.937407108637104329e-16
5.793451448407534372e+03 2.268332897389648213e-16
5.795439239645153066e+03 1.261051343964503907e-16
5.797427003726885232e+03 7.612865513801640421e-17
5.799414740636788338e+03 7.962548733870959607e-17
5.801402450358920760e+03 7.636134127600889435e-17
5.803390132877338146e+03 3.733879171617596356e-16
5.805377788176100694e+03 2.622736640970439241e-16
5.807365416239264960e+03 1.442575256008211451e-16
5.809353017050887502e+03 -4.257136961640116905e-18
5.811340590595027606e+03 2.632737993389485564e-16
5.813328136855742741e+03 3.161189282740944577e-16
5.815315655817089464e+03 1.628655990872379882e-16
5.817303147463126152e+03 1.811989772316883421e-16
5.819290611777912090e+03 2.727938942829701854e-16
5.821278048745502019e+03 3.156170081018979474e-16
5.823265458349955225e+03 4.488992719342665186e-16
5.825252840575329174e+03 3.074291935670161649e-16
5.827240195405682243e+03 3.280425949937052626e-16
5.829227522825070992e+03 4.023541807711288474e-16
5.831214822817551976e+03 3.622144452242758781e-16
5.833202095367186303e+03 2.588576966078695603e-16
5.835189340458028710e+03 3.647869394745560371e-16
5.837176558074137574e+03 3.637568089581733927e-16
5.839163748199571273e+03 3.527597943278800312e-16
5.841150910818387274e+03 3.445220033350631668e-16
5.843138045914642134e+03 1.894329432484541099e-16
5.845125153472395141e+03 1.741633794238372564e-16
5.847112233475703761e+03 2.369115675254710878e-16
5.849099285908623642e+03 1.448877446358057579e-16
5.851086310755214981e+03 3.464018320992936991e-16
5.853073307999534336e+03 2.097593739197096384e-16
5.855060277625639173e+03 2.243101333401353023e-16
5.857047219617586961e+03 7.466864992912808049e-17
5.859034133959436076e+03 2.942864135916784270e-16
5.861021020635243985e+03 3.127619413064169885e-16
5.863007879629069066e+03 2.135915230255324867e-16
5.864994710924966967e+03 4.274557276425239219e-16
5.866981514506996973e+03 1.836996571563495787e-16
5.868968290359216553e+03 1.272889685996681892e-16
5.870955038465683174e+03 2.121694646645601734e-16
5.872941758810455212e+03 1.939812490468612472e-16
5.874928451377589226e+03 1.230197920666384611e-16
5.876915116151143593e+03 3.011460484394968969e-16
5.878901753115174870e+03 4.058276847288286223e-16
5.880888362253742343e+03 3.290791214209905565e-16
5.882874943550903481e+03 3.929175836602141434e-16
5.884861496990713931e+03 4.193947664721422713e-16
5.886848022557232980e+03 1.635949586771708145e-16
5.888834520234519005e+03 2.313817909571903605e-16
5.890820990006628563e+03 7.006450528378400948e-17
5.892807431857620031e+03 2.923804760395236700e-16
5.894793845771549059e+03 2.677940524157774813e-16
5.896780231732476750e+03 1.908298469402939576e-16
5.898766589724457845e+03 1.578619620072335558e-16
5.900752919731550719e+03 3.853114533662008562e-17
5.902739221737813750e+03 4.356380998737190100e-16
5.904725495727305315e+03 2.811423266644177170e-16
5.906711741684081062e+03 1.822955003895166338e-16
5.908697959592198458e+03 9.429747927780475274e-17
5.910684149435717700e+03 2.138005139561956675e-16
5.912670311198695345e+03 3.720075253978593905e-16
5.914656444865187950e+03 4.905726568196103454e-16
5.916642550419254803e+03 9.856946959057587927e-17
5.918628627844952462e+03 3.315482307469047530e-16
5.920614677126338393e+03 1.606585093619572732e-16
5.922600698247471882e+03 7.861430733333622052e-17
5.924586691192409489e+03 3.100735637257475827e-16
5.926572655945207771e+03 6.029154116427266918e-17
5.928558592489926014e+03 2.849846610492326287e-16
5.930544500810621685e+03 1.755492267847059987e-16
5.932530380891352252e+03 2.006851020030694799e-16
5.934516232716175182e+03 2.154578985904686968e-16
5.936502056269147943e+03 1.950358377575503110e-16
5.938487851534328911e+03 2.345757878131129219e-16
5.940473618495774645e+03 3.143551300745961993e-16
5.942459357137544430e+03 2.634028277849110534e-16
5.944445067443694825e+03 3.264465373617650851e-16
5.946430749398283297e+03 1.430025103978768855e-16
5.948416402985369132e+03 1.070680799270427247e-16
5.950402028189007979e+03 1.910556613677513540e-16
5.952387624993258214e+03 2.159468828783107533e-16
5.954373193382178215e+03 5.015007644374702151e-16
5.956358733339824539e+03 2.933798343373354188e-16
5.958344244850255564e+03 3.341251598917122271e-16
5.960329727897529665e+03 2.986127695887962238e-16
5.962315182465701582e+03 1.334717133143995520e-16
5.964300608538832421e+03 1.421835661416920836e-16
5.966286006100978739e+03 2.985421780751907977e-16
5.968271375136197094e+03 1.973286167237843341e-16
5.970256715628545862e+03 1.885389999764764493e-16
5.972242027562084331e+03 2.040165316800903609e-16
5.974227310920867239e+03 2.555529791112920205e-16
5.976212565688954783e+03 3.260846400040800559e-16
5.978197791850402609e+03 2.316667048231102948e-16
5.980182989389269096e+03 2.764648359639794246e-16
5.982168158289612620e+03 1.974706654689385235e-16
5.984153298535491558e+03 3.701231443462599365e-16
5.986138410110959740e+03 1.614213031165886770e-16
5.988123493000080089e+03 3.924248441546493471e-16
5.990108547186906435e+03 6.473121274689709180e-17
5.992093572655498065e+03 3.516905464749303768e-16
5.994078569389911536e+03 3.298211887919025518e-16
5.996063537374206135e+03 2.858072353733165004e-16
5.998048476592438419e+03 2.371573233963518623e-16
6.000033387028665857e+03 -2.906395957241530111e-19
6.002018268666946824e+03 2.586101072781101472e-17
6.004003121491338788e+03 1.141482397068665968e-16
6.005987945485900127e+03 3.101523886401586967e-16
6.007972740634686488e+03 1.523053389174448532e-16
6.009957506921757158e+03 3.866274613431432690e-16
6.011942244331168695e+03 2.967818405034472596e-16
6.013926952846981294e+03 5.451637760766618954e-16
6.015911632453249695e+03 1.172467477441548424e-16
6.017896283134032274e+03 3.533717784237162693e-16
6.019880904873387408e+03 2.050521335744462132e-16
6.021865497655372565e+03 2.578033298859113961e-16
6.023850061464045211e+03 4.028634340180005295e-16
6.025834596283463725e+03 4.386237223009139272e-18
6.027819102097684663e+03 1.356783486138030852e-16
6.029803578890765493e+03 2.070933125270906409e-16
6.031788026646766411e+03 1.876894257179278677e-16
6.033772445349741247e+03 4.805682849442847761e-16
6.035756834983752015e+03 2.352051461075526906e-16
6.037741195532852544e+03 2.315218884037432795e-16
6.039725526981102121e+03 4.043476163160921357e-16
6.041709829312559123e+03 1.817153829169428819e-16
6.043694102511280107e+03 2.753775967402880856e-16
6.045678346561322542e+03 1.733173615527917411e-16
6.047662561446744803e+03 3.112586437878608376e-16
6.049646747151604359e+03 1.998367221562303994e-16
6.051630903659959586e+03 1.088743848097888541e-16
6.053615030955866132e+03 2.102349297100861391e-16
6.055599129023384194e+03 3.561755080798137235e-16
6.057583197846569419e+03 2.877102408426874006e-16
6.059567237409481095e+03 3.011404934756371929e-16
6.061551247696175778e+03 1.746194786677655013e-17
6.063535228690710937e+03 2.355074387280800429e-16
6.065519180377144949e+03 1.769821363360203300e-16
6.067503102739536189e+03 1.908270070548323638e-16
6.069486995761940307e+03 3.418561158330373691e-16
6.071470859428416588e+03 4.480197359080710302e-17
6.073454693723022501e+03 1.696202049823415909e-16
6.075438498629814603e+03 4.737105864935470518e-16
6.077422274132852181e+03 2.751473083889868643e-16
6.079406020216190882e+03 1.205246726736127604e-16
6.081389736863890903e+03 3.865120394981179858e-16
6.083373424060007892e+03 2.684011926753561521e-16
6.085357081788601135e+03 3.453615993935740881e-16
6.087340710033726282e+03 3.202448224312237760e-16
6.089324308779442617e+03 4.012151846739876201e-16
6.091307878009807609e+03 3.023740389937636732e-16
6.093291417708878726e+03 1.392320440443665758e-16
6.095274927860712523e+03 1.769857225838705561e-16
6.097258408449368289e+03 2.856260463060316963e-16
6.099241859458903491e+03 2.975019005817894097e-17
6.101225280873374686e+03 3.278603214611058915e-16
6.103208672676841161e+03 2.327443552737363770e-16
6.105192034853358564e+03 3.247623953884251882e-16
6.107175367386986181e+03 5.471813182420970417e-16
6.109158670261780571e+03 2.528111298944311367e-16
6.111141943461801020e+03 1.970478149385567246e-16
6.113125186971104085e+03 3.545402858028214618e-16
6.115108400773747235e+03 2.330368402943413717e-16
6.117091584853787936e+03 4.407738841471248586e-16
6.119074739195285474e+03 1.163768531536612192e-16
6.121057863782296408e+03 1.485938475202212040e-16
6.123040958598877296e+03 2.597718304378930840e-16
6.125024023629087424e+03 2.921967885328205101e-16
6.127007058856983349e+03 1.984417321234898636e-16
6.128990064266625268e+03 4.514532423006936783e-16
6.130973039842067010e+03 1.893013377308672883e-16
6.132955985567368771e+03 6.146353155911802706e-16
6.134938901426587108e+03 2.116282576299508985e-16
6.136921787403781309e+03 1.192896884856419808e-16
6.138904643483007021e+03 1.863409070638267960e-16
6.140887469648323531e+03 2.184361142215384410e-16
6.142870265883787397e+03 2.320781533687797663e-16
6.144853032173456086e+03 1.859892509662797932e-16
6.146835768501388884e+03 2.935426528784643505e-16
6.148818474851642350e+03 1.906839877099821967e-16
6.150801151208273950e+03 1.582497099120178115e-16
6.152783797555341152e+03 2.417267876401834148e-16
6.154766413876903243e+03 5.803890140510858534e-16
6.156749000157014962e+03 3.877828205656755371e-16
6.158731556379738322e+03 1.482489607937550553e-16
6.160714082529126244e+03 2.235021799466539074e-16
6.162696578589239834e+03 2.179323727111072542e-16
6.164679044544134740e+03 1.410986286975843990e-16
6.166661480377870248e+03 1.307196629107085912e-16
6.168643886074502916e+03 1.651841586721057982e-16
6.170626261618090211e+03 1.562461401992677236e-16
6.172608606992691421e+03 3.462305451768907260e-16
6.174590922182362192e+03 4.688448730333613341e-16
6.176573207171160902e+03 1.445807338248099876e-16
6.178555461943145929e+03 1.588461615504137718e-16
6.180537686482373829e+03 1.808777567138269925e-16
6.182519880772903889e+03 2.693683088922406297e-16
6.184502044798791758e+03 2.902671162045418981e-16
6.186484178544096721e+03 2.078896711569037604e-16
6.188466281992876247e+03 8.518396116107712115e-17
6.190448355129186893e+03 2.394809005010257104e-16
6.192430397937087037e+03 2.096926510020693275e-16
6.194412410400633235e+03 2.381214947176498092e-16
6.196394392503885683e+03 3.201354191975417437e-16
6.198376344230900941e+03 9.185554399690596066e-17
6.200358265565735564e+03 3.215539353754581016e-16
6.202340156492447932e+03 1.289375335908592745e-16
6.204322016995096419e+03 1.285968856191520536e-17
6.206303847057737585e+03 9.263444171497616580e-17
6.208285646664429805e+03 3.594506547517726235e-16
6.210267415799230548e+03 2.294297253894550703e-16
6.212249154446197281e+03 2.075783413979472050e-16
6.214230862589387471e+03 3.556217642464322642e-16
6.216212540212860404e+03 2.050626098694561633e-16
6.218194187300670819e+03 3.780054018248672413e-16
6.220175803836879822e+03 1.643704143336654102e-16
6.222157389805543062e+03 1.416587234392601966e-16
6.224138945190718005e+03 3.025229851292228988e-16
6.226120469976462118e+03 3.911045200747128286e-16
6.228101964146834689e+03 2.770440609576336234e-16
6.230083427685892275e+03 2.416117229504221045e-16
6.232064860577692343e+03 2.963401941742813081e-16
6.234046262806293271e+03 3.899247891105359681e-16
6.236027634355752525e+03 3.784067821655469449e-16
6.238008975210127574e+03 1.208878489222436577e-16
6.239990285353475883e+03 2.073863362938792267e-16
6.241971564769855831e+03 3.402188234567082693e-16
6.243952813443323976e+03 5.500757610453668489e-17
6.245934031357939602e+03 1.204956067529180683e-16
6.247915218497759270e+03 2.196122732694698837e-16
6.249896374846839535e+03 3.125087490542711968e-16
6.251877500389240595e+03 3.157436922546593329e-16
6.253858595109019006e+03 1.390780613979953968e-16
6.255839658990232238e+03 1.868238820467137078e-16
6.257820692016937755e+03 2.937784462506195978e-16
6.259801694173193027e+03 2.941491263665779797e-16
6.261782665443057340e+03 3.912360725008512699e-16
6.263763605810585432e+03 4.204907875019651130e-16
6.265744515259838408e+03 1.569468046502252373e-16
6.267725393774871918e+03 4.061058765107933814e-16
6.269706241339743428e+03 2.478839441908365529e-16
6.271687057938512226e+03 1.160992144904792245e-16
6.273667843555233958e+03 2.313809252476072724e-16
6.275648598173967912e+03 2.993685498586884726e-16
6.277629321778770645e+03 6.216727810408210025e-17
6.279610014353700535e+03 3.422349183765138473e-16
6.281590675882815049e+03 2.120907118116663821e-16
6.283571306350171653e+03 3.492818846306953426e-17
6.285551905739828726e+03 2.086968958112928416e-16
6.287532474035842824e+03 3.165405716633161356e-16
6.289513011222272326e+03 3.238158269702318960e-16
6.291493517283174697e+03 1.607981527085603843e-16
6.293473992202607405e+03 1.996570752168603361e-16
6.295454435964628829e+03 2.168192177862444990e-16
6.297434848553295524e+03 1.720780515789002047e-16
6.299415229952666778e+03 1.018271207195480321e-16
6.301395580146800057e+03 3.529303381555713539e-16
6.303375899119750102e+03 7.725293075744468042e-17
6.305356186855578017e+03 9.594953521311826382e-17
6.307336443338340359e+03 1.394223757007546546e-16
6.309316668552093688e+03 1.395701174674068277e-16
6.311296862480898199e+03 2.301398599787795963e-16
6.313277025108808630e+03 1.165222542357662292e-16
6.315257156419884268e+03 2.018090996230861140e-16
6.317237256398183490e+03 2.272035922146594634e-16
6.319217325027761945e+03 3.911849772496998280e-16
6.321197362292678918e+03 7.089166969372221368e-17
6.323177368176991877e+03 2.930679762564054193e-16
6.325157342664757380e+03 3.338154244735589053e-16
6.327137285740033803e+03 1.069874182239852660e-16
6.329117197386878615e+03 2.791080248805616508e-16
6.331097077589351102e+03 1.479007787672014375e-16
6.333076926331506911e+03 2.593673792485336561e-16
6.335056743597404420e+03 3.354135094987760925e-16
6.337036529371101096e+03 1.379389485135682016e-16
6.339016283636654407e+03 1.928551468815954720e-16
6.340996006378123639e+03 2.827246921636578429e-16
6.342975697579563530e+03 5.721626660989047630e-17
6.344955357225034277e+03 1.639545390707680047e-16
6.346934985298592437e+03 4.389412149706278167e-16
6.348914581784296388e+03 1.348309426279252261e-16
6.350894146666203596e+03 3.697317230530862370e-16
6.352873679928370620e+03 3.351692575887265059e-16
6.354853181554855837e+03 1.501281820991478921e-16
6.356832651529717623e+03 3.863054546128376086e-16
6.358812089837013446e+03 2.960318492777102900e-16
6.360791496460800772e+03 7.368782533679037562e-17
6.362770871385136161e+03 2.055546549719340618e-16
6.364750214594077988e+03 9.496070079260512604e-17
6.366729526071685541e+03 5.865605915847572192e-17
6.368708805802014467e+03 2.797035824684137974e-16
6.370688053769123144e+03 2.819906546099578359e-16
6.372667269957069038e+03 2.884659972290945771e-16
6.374646454349909618e+03 4.229475061477521439e-16
6.376625606931704169e+03 1.902909715851399425e-16
6.378604727686508340e+03 1.888593718156022901e-16
6.380583816598380508e+03 2.517549374669304056e-16
6.382562873651378140e+03 2.605006303138176715e-16
6.384541898829558704e+03 7.460531659799250242e-17
6.386520892116981486e+03 1.976560725060232570e-16
6.388499853497702134e+03 2.476047998224688686e-16
6.390478782955780844e+03 2.925908919825344861e-16
6.392457680475272355e+03 7.571813920024259891e-17
6.394436546040235044e+03 2.994199985083164304e-16
6.396415379634727287e+03 3.072345496908143834e-16
6.398394181242807463e+03 3.040257901729703760e-16
6.400372950848532128e+03 -1.128829754747753727e-17
6.402351688435958749e+03 9.235754239570286037e-18
6.404330393989145705e+03 3.591414621599383214e-16
6.406309067492150461e+03 2.184907960605621840e-16
6.408287708929030487e+03 2.529740471384729433e-16
6.410266318283843248e+03 2.908796052658934345e-16
6.412244895540647121e+03 3.807831589314354149e-16
6.414223440683499575e+03 4.036295959634824524e-16
6.416201953696458077e+03 1.564711108543728982e-16
6.418180434563581002e+03 3.782568817629406583e-16
6.420158883268924001e+03 1.313962781460419080e-16
6.422137299796546358e+03 2.105057513530853540e-16
6.424115684130506452e+03 2.021962113158375707e-16
6.426094036254860839e+03 3.327263829555754021e-16
6.428072356153666988e+03 2.804945078281424462e-16
6.430050643810982365e+03 1.370511645565651290e-16
6.432028899210865347e+03 6.389203730253348878e-17
6.434007122337374312e+03 2.966341710148462228e-16
6.435985313174564908e+03 1.270177082075990957e-16
6.437963471706496421e+03 2.910174758748247097e-16
6.439941597917226318e+03 1.967490457157070149e-16
6.441919691790812067e+03 3.181555058831764717e-16
6.443897753311311135e+03 3.753899555420706819e-16
6.445875782462780990e+03 3.995109195528050962e-16
6.447853779229280008e+03 3.163166698289066587e-16
6.449831743594865657e+03 3.696010569800017623e-16
6.451809675543594494e+03 1.324028645115816454e-16
6.453787575059526716e+03 2.386160463975630312e-16
6.455765442126717062e+03 2.127470724608236295e-16
6.457743276729224817e+03 1.037248010941346294e-16
6.459721078851107450e+03 2.404106532711037710e-16
6.461698848476423336e+03 1.777715604522837785e-16
6.463676585589228125e+03 1.631156223977178730e-16
6.465654290173581103e+03 2.971522302613298959e-16
6.467631962213539737e+03 3.244139838488175019e-16
6.469609601693162404e+03 1.875075023503340254e-16
6.471587208596504752e+03 3.309049551960496430e-16
6.473564782907626068e+03 2.832586405322807799e-16
6.475542324610583819e+03 1.277519475828169840e-16
6.477519833689433653e+03 3.662520918438160360e-16
6.479497310128237586e+03 3.203849382382947141e-16
6.481474753911048538e+03 1.203282264256112831e-16
6.483452165021927613e+03 1.597078671443054776e-16
6.485429543444930459e+03 1.409754655432930199e-16
6.487406889164116365e+03 9.600452696915688993e-17
6.489384202163540976e+03 3.405106008035195439e-16
6.491361482427264491e+03 2.862458100082764644e-16
6.493338729939341647e+03 2.161096407813557723e-16
6.495315944683832640e+03 1.842448107713332874e-16
6.497293126644794029e+03 2.118884986173850141e-16
6.499270275806284189e+03 3.353554766777846417e-16
6.501247392152358771e+03 2.925079861090465917e-16
6.503224475667077968e+03 3.052016781703244499e-16
6.505201526334498340e+03 4.399403368879248392e-16
6.507178544138676443e+03 7.097684810816294446e-18
6.509155529063672475e+03 2.002707279995097479e-16
6.511132481093542083e+03 2.768362783167808696e-16
6.513109400212343644e+03 2.935126992605303345e-16
6.515086286404134626e+03 2.848551240327593507e-16
6.517063139652973405e+03 3.116316357637035381e-16
6.519039959942916539e+03 2.269473033332736878e-16
6.521016747258021496e+03 1.902124758521553685e-16
6.522993501582348472e+03 2.171212758482515144e-16
6.524970222899952205e+03 3.153075158098538189e-17
6.526946911194891072e+03 4.369028908020972831e-17
6.528923566451224360e+03 1.684671769623891923e-16
6.530900188653007717e+03 2.703278203134202996e-16
6.532876777784300430e+03 1.288737774966582343e-16
6.534853333829158146e+03 3.244126224308371142e-16
6.536829856771641062e+03 1.021928494188102726e-16
6.538806346595804825e+03 3.049364113668996570e-16
6.540782803285707814e+03 1.825387406803630560e-16
6.542759226825407495e+03 4.681022234569153438e-17
6.544735617198962245e+03 3.955694172621790883e-16
6.546711974390429532e+03 1.716160732607926260e-16
6.548688298383865913e+03 1.191166966941939720e-16
6.550664589163330675e+03 5.899898298509579250e-16
6.552640846712880375e+03 2.430135453197684965e-16
6.554617071016573391e+03 2.360487628077042539e-16
6.556593262058466280e+03 3.359755842147745550e-16
6.558569419822617419e+03 2.775815270502957276e-16
6.560545544293085186e+03 2.880899888137946050e-16
6.562521635453926137e+03 4.234145779125159522e-16
6.564497693289197741e+03 2.736735624941039720e-16
6.566473717782959284e+03 3.992557427479637140e-16
6.568449708919266413e+03 1.344092282331759929e-16
6.570425666682178417e+03 2.105221678201946935e-16
6.572401591055752760e+03 2.436443502599720268e-16
6.574377482024046913e+03 3.244286209680217976e-16
6.576353339571118340e+03 1.872632257684941644e-16
6.578329163681022692e+03 2.940652228997590958e-16
6.580304954337821982e+03 1.176281463309454256e-16
6.582280711525570950e+03 2.541370614766683939e-16
6.584256435228327973e+03 6.055002728381549183e-16
6.586232125430149608e+03 1.299452977905613394e-16
6.588207782115096052e+03 3.138889183860645986e-16
6.590183405267222042e+03 3.965536785349086265e-16
6.592158994870587776e+03 2.289021787086373941e-16
6.594134550909249811e+03 1.119609315544588734e-16
6.596110073367264704e+03 8.893311388583965775e-17
6.598085562228692652e+03 1.889459283106691249e-16
6.600061017477588393e+03 2.719293120470653434e-17
6.602036439098012124e+03 4.545731973996084025e-16
6.604011827074020403e+03 3.350660918996004825e-16
6.605987181389671605e+03 2.521826526376754597e-16
6.607962502029022289e+03 3.778424166669775776e-16
6.609937788976130832e+03 2.079504338978666544e-16
6.611913042215053792e+03 1.973878493977649543e-16
6.613888261729850456e+03 3.149872195148959267e-16
6.615863447504578289e+03 2.250901835204256911e-16
6.617838599523292942e+03 5.716149327345460303e-17
6.619813717770055518e+03 1.927278878813777517e-16
6.621788802228920758e+03 1.826993761143670568e-16
6.623763852883947038e+03 3.793639043718436714e-16
6.625738869719192735e+03 2.886448529341831321e-17
6.627713852718714406e+03 5.378507255008187692e-17
6.629688801866571339e+03 3.088570089857778040e-16
6.631663717146820090e+03 1.362623269286152712e-16
6.633638598543518128e+03 4.784564292691056692e-17
6.635613446040723829e+03 1.985584999609052269e-16
6.637588259622494661e+03 1.684882720230912485e-16
6.639563039272889000e+03 2.373228304922997038e-16
6.641537784975962495e+03 2.057159223058982228e-16
6.643512496715773523e+03 2.086326258018435054e-16
6.645487174476381369e+03 1.003843317787699645e-16
6.647461818241842593e+03 1.623249085759561296e-16
6.649436427996214661e+03 2.022929024920371143e-16
6.651411003723555041e+03 1.810919288119270089e-16
6.653385545407922109e+03 1.016447244049787342e-16
6.655360053033373333e+03 2.922663858052758427e-16
6.657334526583967090e+03 3.099213250317694730e-16
6.659308966043758119e+03 6.471656064250418005e-17
6.661283371396808434e+03 2.349649969222961689e-16
6.663257742627172775e+03 2.901948132542604890e-16
6.665232079718908608e+03 1.816810180852728070e-16
6.667206382656075220e+03 2.822341515884001719e-16
6.669180651422730080e+03 3.103829226778950298e-16
6.671154886002928833e+03 3.465594401947377664e-16
6.673129086380731678e+03 3.081264702393174074e-16
6.675103252540195172e+03 2.425033367142065673e-16
6.677077384465377691e+03 1.912740206229553867e-16
6.679051482140335793e+03 3.661507779386789444e-16
6.681025545549126946e+03 1.607152842459608571e-16
6.682999574675810436e+03 2.858571238418265646e-16
6.684973569504442821e+03 2.883663018313553979e-16
6.686947530019080659e+03 2.200539619320650371e-16
6.688921456203785056e+03 8.774612795814403924e-17
6.690895348042609839e+03 2.898923487110083155e-16
6.692869205519615207e+03 3.856875528467025028e-17
6.694843028618857716e+03 1.882395133473802756e-16
6.696816817324396652e+03 5.493708620728820441e-17
6.698790571620286755e+03 3.206173635268856840e-17
6.700764291490588221e+03 3.008360778744962232e-16
6.702737976919357607e+03 2.525684489299333677e-16
6.704711627890652380e+03 2.780916091580577337e-16
6.706685244388530919e+03 2.932214742825506204e-16
6.708658826397049779e+03 1.787496739727445699e-16
6.710632373900268249e+03 7.648008960927709096e-17
6.712605886882242885e+03 1.161528728368138759e-16
6.714579365327032065e+03 1.470083727250033878e-16
6.716552809218692346e+03 8.998164516293607381e-17
6.718526218541283015e+03 4.049508786120466107e-16
6.720499593278860630e+03 1.554149345155974160e-16
6.722472933415481748e+03 1.725019128309610149e-16
6.724446238935206566e+03 1.864436656382773021e-16
6.726419509822091641e+03 -5.974738530450510378e-17
6.728392746060193531e+03 1.446788276424841358e-16
6.730365947633571523e+03 3.395503898915119969e-16
6.732339114526283083e+03 3.169974766342588649e-16
6.734312246722384771e+03 1.595929203589517171e-16
6.736285344205934962e+03 2.924845235249025301e-16
6.738258406960992033e+03 2.749530198876259845e-16
6.740231434971612543e+03 2.326726093206021889e-16
6.742204428221853959e+03 2.019189518586494297e-16
6.744177386695775567e+03 2.469846948996914693e-16
6.746150310377433016e+03 1.477328855528314886e-16
6.748123199250885591e+03 2.328123491465614633e-16
6.750096053300189851e+03 2.120502021877292404e-16
6.752068872509404173e+03 2.471980695883324494e-16
6.754041656862586024e+03 1.646997162329296129e-16
6.756014406343793780e+03 1.783559815663534986e-16
6.757987120937083091e+03 9.923217772574799453e-17
6.759959800626514152e+03 3.402779881456582424e-16
6.761932445396142612e+03 4.562556020369692619e-18
6.763905055230026846e+03 4.002278049389622800e-16
6.765877630112225233e+03 4.832725149287068954e-16
6.767850170026793421e+03 3.752239234814326941e-16
6.769822674957792515e+03 1.817502656263402713e-16
6.771795144889276344e+03 4.107983145294087220e-16
6.773767579805306013e+03 4.520522600723118289e-16
6.775739979689936263e+03 3.037623882608632394e-16
6.777712344527226378e+03 2.500068317946033122e-16
6.779684674301233827e+03 2.841859392047721298e-17
6.781656968996016076e+03 7.435599726901284470e-17
6.783629228595631503e+03 3.256363034216932756e-16
6.785601453084136665e+03 3.521314447422213590e-16
6.787573642445589030e+03 3.240353121594137826e-16
6.789545796664047884e+03 2.628673625987853054e-16
6.791517915723568876e+03 2.511121900276371523e-16
6.793489999608211292e+03 1.308609493047106169e-16
6.795462048302033509e+03 1.302187716123345109e-16
6.797434061789090265e+03 2.904455267104662288e-16
6.799406040053441757e+03 3.282775222992613600e-16
6.801377983079144542e+03 1.444783976331385453e-16
6.803349890850256998e+03 -1.542338795887106384e-17
6.805321763350835681e+03 2.079929631393370168e-16
6.807293600564938970e+03 2.572137476226881428e-16
6.809265402476625241e+03 2.082000255599333782e-16
6.811237169069950141e+03 -5.377571034606148714e-17
6.813208900328973868e+03 2.261916477466318228e-16
6.815180596237752070e+03 2.242469122742188967e-16
6.817152256780344032e+03 1.886823113514177519e-16
6.819123881940806314e+03 4.362209559614404413e-16
6.821095471703196381e+03 1.719698879948315730e-16
6.823067026051572611e+03 9.880121004821818821e-17
6.825038544969992472e+03 2.312944860548091764e-16
6.827010028442513430e+03 4.736509316022023784e-16
6.828981476453192954e+03 2.791865688380485948e-17
6.830952888986090329e+03 2.935610052565326340e-16
6.832924266025260295e+03 3.170558884868642229e-16
6.834895607554763956e+03 1.786454536303669107e-16
6.836866913558656051e+03 3.500267926087691037e-16
6.838838184020995868e+03 3.455666098946829094e-16
6.840809418925840873e+03 5.585194197353950072e-16
6.842780618257247625e+03 1.814676208123932699e-16
6.844751781999275408e+03 4.284637521713063910e-16
6.846722910135980783e+03 2.569985026888812643e-16
6.848694002651422124e+03 2.917606479219991332e-16
6.850665059529656901e+03 2.170896440299448527e-16
6.852636080754742579e+03 3.209103187205808762e-16
6.854607066310736627e+03 2.966096648986974535e-16
6.856578016181696512e+03 2.530357789924007219e-17
6.858548930351680610e+03 1.161265375401649101e-16
6.860519808804747299e+03 4.104809400974002562e-16
6.862490651524952227e+03 3.203922314776206454e-16
6.864461458496354680e+03 2.752991729931959441e-16
6.866432229703011217e+03 3.287429473786166956e-16
6.868402965128980213e+03 1.981054927493927315e-16
6.870373664758319137e+03 1.198802562685427087e-16
6.872344328575086365e+03 4.472977773336115811e-16
6.874314956563338455e+03 1.205155145038576215e-16
6.876285548707133785e+03 1.000222246660172986e-16
6.878256104990528911e+03 -7.900155680752334533e-17
6.880226625397583121e+03 9.887060757238328214e-17
6.882197109912353881e+03 2.086659132879727148e-16
6.884167558518897749e+03 3.897908691450140230e-16
6.886137971201273103e+03 1.360574853512156122e-16
6.888108347943536501e+03 1.399364171163321899e-16
6.890078688729748137e+03 -5.971445165494500727e-18
6.892048993543963661e+03 3.426832460797761290e-16
6.894019262370240540e+03 1.113446694005206592e-16
6.895989495192637150e+03 3.282830655308600729e-16
6.897959691995210960e+03 8.379634436452530116e-17
6.899929852762021255e+03 3.643054013930993061e-16
6.901899977477122775e+03 1.443350555281790555e-16
6.903870066124574805e+03 9.946679182991318783e-17
6.905840118688434814e+03 2.011761004341298622e-16
6.907810135152762086e+03 2.534108620013633908e-16
6.909780115501611363e+03 2.651375427849569253e-16
6.911750059719041019e+03 1.242809883501515417e-17
6.913719967789110342e+03 2.474069114568801775e-17
6.915689839695875889e+03 7.916596456393928602e-17
6.917659675423396038e+03 2.473765578480341576e-16
6.919629474955726437e+03 3.802447691817409812e-16
6.921599238276927281e+03 2.299999946707953685e-16
6.923568965371055128e+03 1.659678557831885561e-16
6.925538656222168356e+03 3.619101339753493326e-16
6.927508310814322613e+03 1.093041182810014291e-16
6.929477929131577184e+03 4.493431163291701313e-16
6.931447511157990448e+03 1.806049701519376757e-16
6.933417056877618052e+03 1.403430035201409504e-16
6.935386566274519282e+03 9.555288741877251345e-17
6.937356039332750697e+03 1.700162236836096774e-16
6.939325476036370674e+03 1.122866867479635914e-16
6.941294876369437588e+03 3.582499821539713968e-16
6.943264240316007090e+03 1.672608867784846612e-16
6.945233567860139374e+03 1.048693635303769650e-16
6.947202858985889179e+03 1.866323273590946881e-16
6.949172113677316702e+03 3.428756701740166541e-16
6.951141331918478500e+03 2.953541408524441307e-16
6.953110513693432040e+03 8.999769915129719418e-17
6.955079658986234790e+03 3.450098913573338734e-16
6.957048767780946946e+03 1.901927703944361071e-16
6.959017840061622337e+03 2.874956890345538380e-16
6.960986875812321159e+03 2.702944726960501610e-16
6.962955875017099970e+03 9.765707157191163125e-17
6.964924837660018056e+03 3.007208551082944577e-16
6.966893763725131066e+03 -3.662393241963703707e-17
6.968862653196497376e+03 2.941382132931195308e-16
6.970831506058175364e+03 2.283949893867126011e-16
6.972800322294221587e+03 6.261263105646945948e-17
6.974769101888694422e+03 2.375718077970969512e-16
6.976737844825651337e+03 3.070589993027146407e-16
6.978706551089149798e+03 4.004120198533871079e-16
6.980675220663248183e+03 2.837759609818728696e-16
6.982643853532003959e+03 3.104033756196635618e-16
6.984612449679474594e+03 9.475561587263535591e-17
6.986581009089716645e+03 4.136558343022010178e-16
6.988549531746789398e+03 1.621570157738407236e-16
