# Wavelength Flux
3.250485578588953103e+03 9.070783069255511423e-16
3.252494997879693074e+03 1.392699765623567303e-15
3.254504410277249008e+03 4.324096028782748102e-16
3.256513815765678373e+03 5.728631282413149105e-16
3.258523214329039547e+03 -1.425695463542094429e-15
3.260532605951389087e+03 7.713906610923844836e-16
3.262541990616785370e+03 1.736617310322929576e-15
3.264551368309285408e+03 1.425107589838706579e-15
3.266560739012948034e+03 7.405384057029031603e-17
3.268570102711829804e+03 3.245885153298456076e-16
3.270579459389989097e+03 4.782069438725956824e-16
3.272588809031483379e+03 3.814712500452263679e-16
3.274598151620370118e+03 8.707914321979606743e-16
3.276607487140706780e+03 -6.773915830090477608e-16
3.278616815576551744e+03 8.394623301137393575e-16
3.280626136911962476e+03 2.373583540771632735e-16
3.282635451130995989e+03 5.866790784967110299e-16
3.284644758217710660e+03 7.303737963306807298e-16
3.286654058156163956e+03 1.046090364812621315e-16
3.288663350930413799e+03 9.942899753289477599e-17
3.290672636524517202e+03 2.110123842180867562e-16
3.292681914922532542e+03 8.897811981659873546e-16
3.294691186108516831e+03 6.087932317244762556e-16
3.296700450066528447e+03 4.860379233323235761e-16
3.298709706780624401e+03 1.133098174070468181e-15
3.300718956234862617e+03 8.923843586867774542e-16
3.302728198413301016e+03 1.175394757428303081e-16
3.304737433299996610e+03 5.344602466687725962e-16
3.306746660879008232e+03 2.979409100724902031e-16
3.308755881134391984e+03 6.854926109549175512e-16
3.310765094050207153e+03 7.473058999555693396e-16
3.312774299610509843e+03 6.488806694496367754e-16
3.314783497799359338e+03 6.845449176798543488e-16
3.316792688600811744e+03 7.725093362623608836e-16
3.318801871998925890e+03 3.526501666169801549e-16
3.320811047977758790e+03 9.763508266822324978e-16
3.322820216521368820e+03 5.156262818748914703e-16
3.324829377613812539e+03 8.536257028555912936e-16
3.326838531239148779e+03 5.816497281580792496e-16
3.328847677381434096e+03 1.102105465336127620e-15
3.330856816024727323e+03 6.097531561329755629e-16
3.332865947153085017e+03 9.171416173107114986e-16
3.334875070750566010e+03 9.772535063650453186e-16
3.336884186801226861e+03 8.452431769226776926e-16
3.338893295289125490e+03 4.976746175546521020e-16
3.340902396198320275e+03 2.293597638981065018e-16
3.342911489512868229e+03 5.695801728781223770e-16
3.344920575216827274e+03 3.096283614341593452e-16
3.346929653294254877e+03 1.306645596425832802e-15
3.348938723729208959e+03 5.283583981588031466e-16
3.350947786505746990e+03 1.040464420585795430e-15
3.352956841607926890e+03 6.401227175341501241e-16
3.354965889019806127e+03 6.803601876150106359e-16
3.356974928725442169e+03 6.936429588298678537e-16
3.358983960708892937e+03 5.332863888648635646e-16
3.360992984954215899e+03 1.259501167406330500e-15
3.363002001445469432e+03 8.274627381566658033e-16
3.365011010166710093e+03 1.224118267665344434e-15
3.367020011101996261e+03 1.399845136334227414e-15
3.369029004235385855e+03 3.694259025176081819e-16
3.371037989550935890e+03 1.268853458265911628e-15
3.373046967032704288e+03 1.025614499102492332e-15
3.375055936664748515e+03 1.282088955865553848e-15
3.377064898431126949e+03 1.376063335928619754e-15
3.379073852315896147e+03 1.504803137550125153e-15
3.381082798303114942e+03 1.365464992720381698e-15
3.383091736376840345e+03 1.872609574799652947e-15
3.385100666521129824e+03 1.373270267013479581e-15
3.387109588720041756e+03 1.606148301777181531e-15
3.389118502957633154e+03 1.539945563626181888e-15
3.391127409217962395e+03 1.783722145747107020e-15
3.393136307485086036e+03 2.298396976501899446e-15
3.395145197743062909e+03 2.321285980138206687e-15
3.397154079975950026e+03 2.240364037983310272e-15
3.399162954167805310e+03 2.902424652564591031e-15
3.401171820302686228e+03 2.995665254240054485e-15
3.403180678364650703e+03 2.794885800072668199e-15
3.405189528337756201e+03 3.066472896796968128e-15
3.407198370206060190e+03 3.093587245700447690e-15
3.409207203953621047e+03 3.141863019433159250e-15
3.411216029564495784e+03 3.043310940963872036e-15
3.413224847022742324e+03 2.821422269236665832e-15
3.415233656312418134e+03 2.435086988427183369e-15
3.417242457417581136e+03 2.129427652820199431e-15
3.419251250322288797e+03 1.900912257090213134e-15
3.421260035010599040e+03 1.886401313241802400e-15
3.423268811466569332e+03 1.886602708810832648e-15
3.425277579674257595e+03 1.727086751848671096e-15
3.427286339617721296e+03 1.373319155733019762e-15
3.429295091281017903e+03 1.651898553401698727e-15
3.431303834648205338e+03 1.763323293716850905e-15
3.433312569703341069e+03 1.191236313822129575e-15
3.435321296430483017e+03 1.458472775251147384e-15
3.437330014813689104e+03 1.395591109858873633e-15
3.439338724837016343e+03 8.667334785077133533e-16
3.441347426484522657e+03 8.643867219280788301e-16
3.443356119740265967e+03 5.021162944942796529e-16
3.445364804588303741e+03 6.265120828640282640e-16
3.447373481012693446e+03 9.334573305299203441e-16
3.449382148997493005e+03 9.223316522051104216e-16
3.451390808526759884e+03 7.482025449001234496e-16
3.453399459584552460e+03 7.817366599083280203e-16
3.455408102154927292e+03 1.263118511846808946e-15
3.457416736221942756e+03 1.075214293393206287e-15
3.459425361769656320e+03 8.006237186344191592e-16
3.461433978782125905e+03 1.231763726294546819e-15
3.463442587243408980e+03 1.100871605289433250e-15
3.465451187137563011e+03 1.209228592151832873e-15
3.467459778448645920e+03 1.140001556915455550e-15
3.469468361160715176e+03 9.374339493303292806e-16
3.471476935257829155e+03 1.368797019892762071e-15
3.473485500724044414e+03 8.987241192628853977e-16
3.475494057543419331e+03 1.024548037816094604e-15
3.477502605700011372e+03 8.809373927308351458e-16
3.479511145177878461e+03 1.024836041699731601e-15
3.481519675961078065e+03 1.253184786982984220e-15
3.483528198033667650e+03 1.005840316579728804e-15
3.485536711379705139e+03 1.085958688461383640e-15
3.487545215983247999e+03 8.780365968861598046e-16
3.489553711828354608e+03 9.259009061615680538e-16
3.491562198899081523e+03 9.084863285210092268e-16
3.493570677179487120e+03 8.344960739247208265e-16
3.495579146653628868e+03 5.050310793390095497e-16
3.497587607305564234e+03 4.830771543779907414e-16
3.499596059119351594e+03 7.892505224585945257e-16
3.501604502079047961e+03 6.725168524645573719e-16
3.503612936168711258e+03 6.767073679439222901e-16
3.505621361372398951e+03 5.492695416760185466e-16
3.507629777674168963e+03 3.563834725076640802e-16
3.509638185058078761e+03 7.344998764277634214e-16
3.511646583508186268e+03 7.612835977658744847e-16
3.513654973008548950e+03 5.532768576451570756e-16
3.515663353543224275e+03 7.251817467729029229e-16
3.517671725096270620e+03 7.303173620941573771e-16
3.519680087651744543e+03 8.577998040828873620e-16
3.521688441193704875e+03 4.878493768092633757e-16
3.523696785706208630e+03 4.611481152940340514e-16
3.525705121173313728e+03 8.132501845126242966e-16
3.527713447579077638e+03 6.372557979778942957e-16
3.529721764907558281e+03 7.888479264933622757e-16
3.531730073142812671e+03 7.076965252068923571e-16
3.533738372268899184e+03 4.923427318064932782e-16
3.535746662269875742e+03 7.912787785958396525e-16
3.537754943129798903e+03 5.770809430838906137e-16
3.539763214832727044e+03 7.739495365612690993e-16
3.541771477362718088e+03 6.263975797984796877e-16
3.543779730703829046e+03 7.197048958977894282e-16
3.545787974840118295e+03 5.016081206735935587e-16
3.547796209755642849e+03 7.171233015459188858e-16
3.549804435434461084e+03 3.618748014410493165e-16
3.551812651860630012e+03 7.479623678702449606e-16
3.553820859018207102e+03 6.912584849513416707e-16
3.555829056891250730e+03 3.777638997848564176e-16
3.557837245463818817e+03 4.496378136640236717e-16
3.559845424719967923e+03 5.459814797471175998e-16
3.561853594643756423e+03 4.058793540070812576e-16
3.563861755219241786e+03 5.347907844955785879e-16
3.565869906430481933e+03 6.144052815309378431e-16
3.567878048261534332e+03 5.554117677573624819e-16
3.569886180696456904e+03 3.894484878687133641e-16
3.571894303719306663e+03 7.860011902126459718e-16
3.573902417314141985e+03 2.928759317421041345e-16
3.575910521465019883e+03 7.148372019944208272e-16
3.577918616155999189e+03 4.188829730405507360e-16
3.579926701371136005e+03 5.356471545846453632e-16
3.581934777094489164e+03 5.822876345451905018e-16
3.583942843310115677e+03 4.268332003269271234e-16
3.585950900002073922e+03 7.480250285634418470e-16
3.587958947154420912e+03 4.383876282955282031e-16
3.589966984751214568e+03 7.390631685461558219e-16
3.591975012776512358e+03 6.506762713868703600e-16
3.593983031214372659e+03 4.801132686422850161e-16
3.595991040048852028e+03 3.634992374697429237e-16
3.597999039264008843e+03 5.110640024245069332e-16
3.600007028843901026e+03 5.926685329246894731e-16
3.602015008772585134e+03 5.386046939859720202e-16
3.604022979034119999e+03 3.333253417207390244e-16
3.606030939612563088e+03 4.527705459140537813e-16
3.608038890491971870e+03 6.362004236201179829e-16
3.610046831656403356e+03 5.900973808355174351e-16
3.612054763089916378e+03 5.952828951354812920e-16
3.614062684776567949e+03 4.672267685526489825e-16
3.616070596700415990e+03 5.274281825535958067e-16
3.618078498845517515e+03 5.533889162098588159e-16
3.620086391195931355e+03 4.410028655901232701e-16
3.622094273735714069e+03 6.227046949370300501e-16
3.624102146448924032e+03 4.550673071542629813e-16
3.626110009319618712e+03 6.082488332247188088e-16
3.628117862331855576e+03 5.016499593647850244e-16
3.630125705469692548e+03 4.684526190340239173e-16
3.632133538717187093e+03 4.679340010186214388e-16
3.634141362058397135e+03 5.725301180029979624e-16
3.636149175477380595e+03 6.590667242524670015e-16
3.638156978958194031e+03 4.870581710899029513e-16
3.640164772484896275e+03 5.849420643322460248e-16
3.642172556041544340e+03 5.530997955426349261e-16
3.644180329612196147e+03 5.024491969462873449e-16
3.646188093180909618e+03 6.151035113821995144e-16
3.648195846731741767e+03 4.389792586294474314e-16
3.650203590248750970e+03 6.659609580773354496e-16
3.652211323715994240e+03 4.890270297366140589e-16
3.654219047117529954e+03 3.946842270514232333e-16
3.656226760437415123e+03 5.400471634236632193e-16
3.658234463659707671e+03 7.007889604477262741e-16
3.660242156768465065e+03 6.153325228888583546e-16
3.662249839747745682e+03 5.003328329006565074e-16
3.664257512581606534e+03 4.530799963700964395e-16
3.666265175254105088e+03 6.737653886919492474e-16
3.668272827749299722e+03 6.008866475005948012e-16
3.670280470051247903e+03 6.329204452165493754e-16
3.672288102144006643e+03 4.604078600518890139e-16
3.674295724011634775e+03 4.358795891556193302e-16
3.676303335638188855e+03 4.271628121274119813e-16
3.678310937007727262e+03 5.911684743713437069e-16
3.680318528104307006e+03 5.063727833860835491e-16
3.682326108911986921e+03 4.873779632147278155e-16
3.684333679414823109e+03 5.637409309998880959e-16
3.686341239596874402e+03 4.289766001686945932e-16
3.688348789442198267e+03 5.528763061267540887e-16
3.690356328934852172e+03 5.200979521958713274e-16
3.692363858058893584e+03 3.344786650756851470e-16
3.694371376798380879e+03 4.198652360768530449e-16
3.696378885137371071e+03 4.756625064917242029e-16
3.698386383059921627e+03 5.219804961406673919e-16
3.700393870550090924e+03 4.128329298538586461e-16
3.702401347591936428e+03 5.274499002613397966e-16
3.704408814169515608e+03 5.435793053487993620e-16
3.706416270266886386e+03 6.165702464254805636e-16
3.708423715868106228e+03 6.926170604471131855e-16
3.710431150957233058e+03 4.322466884510765699e-16
3.712438575518323887e+03 5.234800493334913908e-16
3.714445989535437093e+03 5.385069026118436278e-16
3.716453392992630143e+03 4.030626471097106752e-16
3.718460785873960504e+03 4.894901524469274739e-16
3.720468168163486098e+03 5.214286767807754125e-16
3.722475539845264393e+03 5.662484148837921807e-16
3.724482900903353311e+03 6.361178306117194937e-16
3.726490251321810319e+03 6.960086884666871957e-16
3.728497591084693340e+03 5.073631648883225855e-16
3.730504920176059386e+03 5.175503545695143972e-16
3.732512238579966834e+03 4.280235983586186370e-16
3.734519546280473151e+03 5.579262833249303422e-16
3.736526843261635804e+03 3.614981101286589757e-16
3.738534129507512716e+03 4.454912116053638380e-16
3.740541405002161355e+03 8.388200904495953718e-16
3.742548669729639641e+03 5.265869692934188618e-16
3.744555923674005044e+03 4.964863778055925553e-16
3.746563166819315484e+03 5.156736572716492106e-16
3.748570399149627974e+03 5.449083469256637193e-16
3.750577620649000892e+03 4.527515112785422052e-16
3.752584831301491704e+03 4.762158552530633562e-16
3.754592031091157878e+03 4.978208712796290362e-16
3.756599220002057336e+03 6.148472375243895344e-16
3.758606398018247546e+03 5.138709685323574464e-16
3.760613565123786429e+03 3.552380312836135499e-16
3.762620721302730999e+03 3.450883494260949193e-16
3.764627866539140086e+03 5.741380967722639273e-16
3.766635000817070249e+03 4.195572150632264288e-16
3.768642124120579865e+03 4.342729182545727914e-16
3.770649236433726401e+03 4.538150502717362045e-16
3.772656337740567324e+03 6.968512974769278265e-16
3.774663428025160101e+03 5.467068102161175618e-16
3.776670507271563110e+03 5.760962438147534692e-16
3.778677575463833819e+03 5.268609585038616625e-16
3.780684632586029238e+03 4.078162871314685079e-16
3.782691678622208201e+03 2.012784197244860664e-16
3.784698713556426810e+03 2.626410018513071357e-16
3.786705737372744352e+03 3.168471249445800919e-16
3.788712750055217839e+03 6.103994924759802813e-16
3.790719751587904284e+03 3.415965824211842099e-16
3.792726741954862518e+03 3.945797177520660521e-16
3.794733721140149100e+03 4.112166935539011185e-16
3.796740689127822861e+03 5.641556502582932502e-16
3.798747645901940359e+03 3.626313958351118526e-16
3.800754591446559971e+03 7.120140801866893193e-16
3.802761525745739164e+03 4.496970079767045399e-16
3.804768448783535405e+03 3.432069545785067527e-16
3.806775360544006617e+03 4.999391085965636521e-16
3.808782261011210721e+03 5.955219540425118963e-16
3.810789150169204731e+03 4.689063299243695692e-16
3.812796028002047024e+03 4.538286661537917705e-16
3.814802894493794611e+03 4.638032955006679888e-16
3.816809749628505415e+03 4.908557815922225760e-16
3.818816593390236903e+03 5.263031133420425790e-16
3.820823425763047453e+03 5.418495217134422789e-16
3.822830246730994077e+03 6.252044497657366806e-16
3.824837056278134696e+03 3.760410154748347132e-16
3.826843854388526779e+03 3.879599614178094048e-16
3.828850641046228247e+03 5.078841443635329449e-16
3.830857416235296569e+03 8.166031019928657098e-16
3.832864179939789210e+03 4.246165264314449792e-16
3.834870932143764549e+03 5.724177294300437117e-16
3.836877672831279597e+03 6.695446026609846089e-16
3.838884401986392731e+03 6.344680059729285788e-16
3.840891119593160511e+03 5.863390905565593589e-16
3.842897825635641311e+03 6.111693434320607047e-16
3.844904520097893055e+03 5.073869562692296707e-16
3.846911202963973210e+03 4.590722548443513055e-16
3.848917874217939243e+03 4.163384083194924408e-16
3.850924533843848621e+03 4.041039282790980435e-16
3.852931181825759268e+03 4.482035279250506031e-16
3.854937818147729104e+03 5.306734417924114642e-16
3.856944442793815142e+03 5.621009347209789433e-16
3.858951055748076215e+03 4.217182229885945622e-16
3.860957656994568424e+03 4.759508753924149261e-16
3.862964246517351057e+03 5.825608775465041231e-16
3.864970824300480672e+03 3.195313746810049004e-16
3.866977390328015190e+03 4.970113627363301206e-16
3.868983944584012534e+03 6.178463087287733755e-16
3.870990487052529716e+03 4.729755531409608827e-16
3.872997017717625567e+03 5.656120574069270930e-16
3.875003536563356647e+03 3.065544927927859235e-16
3.877010043573780877e+03 4.079096646084681843e-16
3.879016538732956633e+03 5.493171804527833172e-16
3.881023022024940474e+03 6.500075397381099478e-16
3.883029493433791231e+03 4.613315240409852150e-16
3.885035952943565462e+03 5.459015389495791218e-16
3.887042400538321999e+03 5.017869402734068378e-16
3.889048836202116945e+03 5.316303528425203071e-16
3.891055259919009586e+03 6.882511890592783162e-16
3.893061671673056935e+03 6.803352675356826353e-16
3.895068071448316459e+03 7.252651436028352729e-16
3.897074459228845626e+03 5.355703944887586449e-16
3.899080834998703267e+03 6.351152666591867056e-16
3.901087198741945940e+03 5.027260821028256936e-16
3.903093550442631113e+03 6.397702841372792203e-16
3.905099890084817616e+03 7.629353503605301190e-16
3.907106217652562009e+03 5.464705005374300219e-16
3.909112533129922667e+03 4.836869172355224889e-16
3.911118836500957059e+03 7.817901143348829797e-16
3.913125127749723106e+03 5.732615704595790077e-16
3.915131406860277821e+03 5.114530589819501521e-16
3.917137673816679126e+03 6.134497341509846911e-16
3.919143928602984943e+03 6.140053661953940997e-16
3.921150171203253194e+03 5.797887118550260768e-16
3.923156401601540438e+03 5.427296244596461696e-16
3.925162619781905505e+03 6.676229951600684001e-16
3.927168825728405864e+03 6.292876036146729366e-16
3.929175019425098071e+03 6.159328584193320994e-16
3.931181200856041414e+03 4.950772801478742910e-16
3.933187370005292905e+03 4.623892538026551262e-16
3.935193526856909557e+03 7.509250909883661483e-16
3.937199671394949746e+03 6.544483895780665120e-16
3.939205803603471395e+03 6.110943124493971847e-16
3.941211923466531516e+03 5.317223656148176380e-16
3.943218030968188032e+03 5.342792866452196159e-16
3.945224126092498409e+03 4.576351946169291983e-16
3.947230208823521025e+03 4.559275695717693611e-16
3.949236279145312892e+03 5.375647986029803147e-16
3.951242337041931478e+03 6.020151385870240548e-16
3.953248382497435159e+03 5.658784364880064571e-16
3.955254415495881403e+03 6.229353648856089245e-16
3.957260436021327223e+03 4.379261457143902195e-16
3.959266444057830995e+03 3.187505268156028231e-16
3.961272439589450642e+03 4.922291430582880742e-16
3.963278422600242720e+03 3.957046949738798229e-16
3.965284393074266063e+03 6.486974844723317580e-16
3.967290350995577683e+03 5.976576371680337864e-16
3.969296296348235046e+03 5.204072805372321307e-16
3.971302229116296985e+03 3.318760112146496236e-16
3.973308149283819603e+03 5.778093834708854595e-16
3.975314056834861276e+03 5.925050081589416765e-16
3.977319951753480382e+03 3.547819947228425504e-16
3.979325834023733478e+03 4.734106675387547773e-16
3.981331703629678941e+03 5.163579492002803724e-16
3.983337560555373784e+03 5.164581199801775603e-16
3.985343404784876384e+03 4.696764209507139874e-16
3.987349236302244208e+03 6.751090281676644736e-16
3.989355055091534723e+03 6.382807256924765562e-16
3.991360861136805852e+03 6.938610980891840361e-16
3.993366654422115062e+03 4.900262814718097164e-16
3.995372434931519820e+03 3.292690833656220426e-16
3.997378202649078048e+03 5.685565088277794672e-16
3.999383957558847669e+03 6.206658678136434444e-16
4.001389699644885695e+03 5.676667936794169643e-16
4.003395428891250504e+03 4.784943310869031263e-16
4.005401145281999561e+03 5.237100004116741475e-16
4.007406848801190336e+03 1.998295158848190043e-16
4.009412539432880749e+03 4.746803931015400482e-16
4.011418217161127814e+03 5.866134334160901215e-16
4.013423881969989907e+03 4.924275672996616150e-16
4.015429533843524950e+03 4.026783453173993388e-16
4.017435172765789503e+03 4.348197686364789966e-16
4.019440798720842395e+03 4.374468487674940398e-16
4.021446411692740639e+03 3.020669163902690426e-16
4.023452011665542159e+03 4.368870116092660224e-16
4.025457598623303966e+03 4.796831079336616583e-16
4.027463172550084892e+03 6.879982465581222239e-16
4.029468733429941494e+03 5.460310116316454187e-16
4.031474281246932605e+03 3.465495525947746982e-16
4.033479815985114783e+03 4.758989801863322871e-16
4.035485337628546404e+03 6.484027487988855555e-16
4.037490846161284480e+03 3.886438427183801561e-16
4.039496341567386935e+03 4.545134829405101136e-16
4.041501823830912144e+03 6.307271650766661504e-16
4.043507292935916666e+03 5.014230737238952216e-16
4.045512748866459333e+03 4.695186993144962644e-16
4.047518191606596702e+03 4.594362736494861117e-16
4.049523621140387149e+03 4.874435098785462331e-16
4.051529037451888144e+03 3.173640695008894315e-16
4.053534440525157152e+03 3.881179014777920340e-16
4.055539830344252550e+03 5.225907266202444161e-16
4.057545206893230898e+03 4.060220352027386994e-16
4.059550570156150570e+03 4.679544754269209947e-16
4.061555920117069491e+03 3.223160692775898256e-16
4.063561256760044671e+03 6.120324074139052669e-16
4.065566580069134034e+03 4.624891622418237725e-16
4.067571890028395501e+03 3.604921904031266251e-16
4.069577186621886540e+03 4.114951063725712102e-16
4.071582469833664618e+03 3.317987205880237438e-16
4.073587739647787203e+03 5.357129588399461587e-16
4.075592996048313125e+03 2.800046177630628966e-16
4.077598239019298944e+03 3.932472499921465765e-16
4.079603468544802581e+03 3.464970533326483535e-16
4.081608684608881958e+03 3.484113546612782912e-16
4.083613887195594543e+03 4.557339726779873201e-16
4.085619076288997803e+03 6.558081667749792763e-16
4.087624251873149660e+03 5.267635990088443409e-16
4.089629413932108037e+03 6.626361802845988801e-16
4.091634562449930399e+03 5.019070483457061668e-16
4.093639697410673762e+03 2.186331593685487822e-16
4.095644818798396955e+03 2.380685210401315050e-16
4.097649926597156991e+03 2.411790574331069406e-16
4.099655020791011339e+03 4.390194273388393528e-16
4.101660101364018374e+03 4.606575573832826264e-16
4.103665168300235564e+03 4.585317162823855649e-16
4.105670221583719467e+03 4.448053581064355110e-16
4.107675261198529370e+03 1.411701184193666148e-16
4.109680287128721830e+03 4.236277222474985505e-16
4.111685299358354314e+03 3.582652849941144200e-16
4.113690297871486109e+03 3.023682133391780500e-16
4.115695282652173773e+03 6.410143967615312673e-16
4.117700253684474774e+03 3.819473065538219540e-16
4.119705210952446578e+03 4.154934466098894813e-16
4.121710154440148472e+03 4.594659869144495359e-16
4.123715084131636104e+03 4.279092325070999706e-16
4.125720000010967851e+03 3.943836116247948187e-16
4.127724902062202091e+03 4.956719035756287838e-16
4.129729790269396290e+03 4.101005489948445255e-16
4.131734664616607006e+03 4.530342339742802693e-16
4.133739525087892616e+03 3.409143323594055223e-16
4.135744371667311498e+03 4.046624577307876216e-16
4.137749204338921118e+03 5.081878494843533512e-16
4.139754023086778034e+03 5.473152586226534473e-16
4.141758827894940623e+03 3.856335470436872245e-16
4.143763618747465443e+03 2.904034559291269953e-16
4.145768395628412691e+03 3.702698728070814849e-16
4.147773158521838923e+03 4.996967620645343891e-16
4.149777907411800697e+03 2.443097837160132684e-16
4.151782642282356392e+03 4.133932254393880392e-16
4.153787363117563473e+03 5.272710070299694598e-16
4.155792069901480318e+03 2.579890636009435963e-16
4.157796762618164394e+03 4.039001775093200301e-16
4.159801441251673168e+03 3.828599152196565822e-16
4.161806105786063199e+03 5.892340586501995017e-16
4.163810756205394682e+03 5.698709549249345151e-16
4.165815392493723266e+03 5.064571944609592759e-16
4.167820014635106418e+03 4.187637837353888503e-16
4.169824622613603424e+03 5.130894427459953504e-16
4.171829216413270842e+03 2.798867696582066246e-16
4.173833796018167050e+03 4.200217796085468016e-16
4.175838361412348604e+03 5.591281361056555293e-16
4.177842912579874792e+03 3.522268127655327385e-16
4.179847449504801261e+03 3.510871089265977839e-16
4.181851972171187299e+03 4.478225504155414373e-16
4.183856480563090372e+03 3.814938389991740543e-16
4.185860974664567038e+03 4.226539097776330391e-16
4.187865454459676585e+03 5.189019029706421701e-16
4.189869919932474659e+03 3.618724925371622966e-16
4.191874371067021457e+03 4.627489026007927341e-16
4.193878807847372627e+03 3.926325023003219748e-16
4.195883230257586547e+03 2.837743413149348700e-16
4.197887638281720683e+03 3.667770237577689088e-16
4.199892031903833413e+03 3.863263559760056553e-16
4.201896411107981294e+03 2.590007665195008467e-16
4.203900775878222703e+03 3.566514319726545959e-16
4.205905126198615108e+03 5.472050586515887871e-16
4.207909462053215975e+03 5.142402211801326699e-16
4.209913783426083683e+03 4.704478762236454097e-16
4.211918090301275697e+03 4.411897334870106607e-16
4.213922382662849486e+03 5.020474947425116596e-16
4.215926660494861608e+03 4.570338499815460293e-16
4.217930923781372258e+03 5.110517022401935722e-16
4.219935172506436174e+03 6.160381925178645220e-16
4.221939406654113554e+03 6.782135843048944004e-16
4.223943626208460955e+03 3.612900047303589597e-16
4.225947831153534935e+03 3.183963098687956490e-16
4.227952021473395689e+03 3.621571042856443750e-16
4.229956197152098866e+03 4.968039516420701662e-16
4.231960358173702843e+03 4.395473176215523751e-16
4.233964504522265997e+03 4.087653320585561849e-16
4.235968636181843976e+03 3.468524913944382139e-16
4.237972753136496976e+03 2.825094869302293581e-16
4.239976855370280646e+03 4.262564197025486084e-16
4.241980942867253361e+03 4.092818723195075151e-16
4.243985015611473500e+03 6.904577334674832677e-16
4.245989073586997620e+03 6.423216570980574715e-16
4.247993116777883188e+03 4.455948518797433446e-16
4.249997145168189491e+03 3.737327394430050958e-16
4.252001158741973086e+03 5.386628590945152182e-16
4.254005157483292351e+03 4.424554863964288733e-16
4.256009141376202933e+03 4.108553089697996149e-16
4.258013110404765030e+03 4.805487632352250836e-16
4.260017064553034288e+03 4.475305962438674820e-16
4.262021003805070904e+03 3.552631918943393151e-16
4.264024928144929618e+03 4.821700187060267239e-16
4.266028837556670624e+03 4.547737188806818230e-16
4.268032732024349571e+03 3.438607171117537233e-16
4.270036611532024835e+03 3.669271322109682690e-16
4.272040476063754795e+03 5.942507432138849092e-16
4.274044325603596008e+03 5.992857845257613684e-16
4.276048160135607759e+03 4.764613855718009980e-16
4.278051979643845698e+03 4.002421801689902007e-16
4.280055784112368201e+03 4.766557351126910655e-16
4.282059573525233645e+03 4.765581887474829695e-16
4.284063347866499498e+03 5.044788340963875201e-16
4.286067107120223227e+03 5.247826399545316723e-16
4.288070851270462299e+03 6.535737286193165207e-16
4.290074580301274182e+03 6.534585876457738336e-16
4.292078294196717252e+03 5.589119207658596871e-16
4.294081992940848068e+03 3.907728785433168768e-16
4.296085676517725005e+03 5.319139839350388347e-16
4.298089344911406442e+03 4.980800499693304593e-16
4.300092998105949846e+03 7.207272017107165508e-16
4.302096636085411774e+03 7.209318247634453935e-16
4.304100258833850603e+03 6.784134949699248508e-16
4.306103866335324710e+03 8.584189005170653436e-16
4.308107458573889744e+03 4.594646310542900483e-16
4.310111035533605900e+03 8.569436120626430085e-16
4.312114597198527917e+03 6.823294206477553749e-16
4.314118143552715992e+03 7.199781929195677484e-16
4.316121674580227591e+03 8.021183302578027128e-16
4.318125190265119272e+03 9.485153239767215156e-16
4.320128690591448503e+03 8.155392818388202418e-16
4.322132175543274570e+03 9.000600794802052133e-16
4.324135645104653122e+03 1.023920200229380876e-15
4.326139099259644354e+03 9.916004427878804888e-16
4.328142537992303005e+03 1.075286524046339346e-15
4.330145961286689271e+03 1.103038701278909691e-15
4.332149369126858801e+03 1.172715199002969676e-15
4.334152761496870880e+03 1.315780121832473428e-15
4.336156138380782068e+03 1.305937196879369193e-15
4.338159499762650739e+03 1.406610532852791708e-15
4.340162845626534363e+03 1.366500777911287894e-15
4.342166175956490406e+03 1.310640738029616953e-15
4.344169490736576336e+03 1.232528503569785126e-15
4.346172789950850529e+03 1.229256196010108459e-15
4.348176073583370453e+03 1.129645947870356849e-15
4.350179341618193575e+03 1.294493037704820933e-15
4.352182594039377364e+03 1.270604089266854202e-15
4.354185830830980194e+03 1.107091037779570352e-15
4.356189051977058625e+03 8.023777199212522072e-16
4.358192257461671034e+03 9.121338408357456616e-16
4.360195447268874887e+03 9.745112249038476268e-16
4.362198621382728561e+03 1.035313056954537095e-15
4.364201779787288615e+03 8.118033718080195776e-16
4.366204922466613425e+03 7.745579748791790277e-16
4.368208049404760459e+03 9.428969583006959422e-16
4.370211160585788093e+03 8.841407737849561664e-16
4.372214255993752886e+03 7.386155376086426874e-16
4.374217335612712304e+03 8.514101303722937736e-16
4.376220399426725635e+03 8.030773278030376762e-16
4.378223447419848526e+03 6.465775509201745872e-16
4.380226479576140264e+03 7.953892066572341956e-16
4.382229495879658316e+03 7.163376702291103970e-16
4.384232496314459240e+03 6.860111729379828366e-16
4.386235480864602323e+03 6.847194765540572723e-16
4.388238449514143213e+03 6.507536055298677286e-16
4.390241402247142105e+03 7.050917377585529756e-16
4.392244339047654648e+03 7.055463828617265052e-16
4.394247259899738310e+03 7.600816365217890269e-16
4.396250164787452377e+03 4.148470661224278420e-16
4.398253053694854316e+03 5.669146541319605598e-16
4.400255926605999775e+03 4.643708612758756563e-16
4.402258783504948951e+03 5.213851761990790864e-16
4.404261624375757492e+03 5.582351797068790636e-16
4.406264449202484684e+03 5.796153665427723000e-16
4.408267257969187995e+03 4.952582283660616032e-16
4.410270050659923982e+03 5.823817508270858402e-16
4.412272827258751022e+03 5.892803760721789328e-16
4.414275587749726583e+03 5.866858568110532887e-16
4.416278332116908132e+03 5.853847966180433340e-16
4.418281060344354046e+03 6.604216440194548588e-16
4.420283772416121792e+03 3.648984504836244467e-16
4.422286468316268838e+03 3.363282544586321765e-16
4.424289148028852651e+03 5.245965189268009067e-16
4.426291811537931608e+03 5.157426388553231791e-16
4.428294458827562266e+03 4.593327962341477422e-16
4.430297089881803004e+03 7.428430375716476039e-16
4.432299704684712196e+03 6.370290154650305447e-16
4.434302303220345493e+03 4.248670160743757331e-16
4.436304885472762180e+03 5.785729238560812008e-16
4.438307451426020634e+03 4.961026840070186977e-16
4.440310001064175594e+03 4.868481993817033864e-16
4.442312534371288166e+03 3.049698770378424130e-16
4.444315051331413997e+03 4.549446536186980498e-16
4.446317551928610555e+03 3.745011092498791848e-16
4.448320036146936218e+03 5.196409367153977879e-16
4.450322503970449361e+03 5.132112748049099436e-16
4.452324955383206543e+03 4.968280931203069455e-16
4.454327390369265231e+03 4.139946712086995770e-16
4.456329808912683802e+03 5.093376147353222221e-16
4.458332210997519724e+03 4.804847403717758508e-16
4.460334596607831372e+03 2.673707611614444518e-16
4.462336965727674396e+03 5.088023942288876439e-16
4.464339318341108992e+03 5.241118908549017820e-16
4.466341654432191717e+03 6.550266390456711117e-16
4.468343973984979129e+03 5.312654592940011247e-16
4.470346276983530515e+03 3.594007696513315577e-16
4.472348563411903342e+03 3.395955406027378526e-16
4.474350833254154168e+03 3.590764200265890132e-16
4.476353086494341369e+03 5.179439421752153859e-16
4.478355323116523323e+03 3.546644000826668790e-16
4.480357543104756587e+03 4.072766988685581384e-16
4.482359746443098629e+03 3.626019692312052565e-16
4.484361933115608736e+03 5.462490266198510548e-16
4.486364103106343464e+03 4.906399421890474312e-16
4.488366256399360282e+03 3.580708649678562459e-16
4.490368392978716656e+03 3.338434302756453464e-16
4.492370512828471874e+03 2.477740826248405274e-16
4.494372615932681583e+03 3.180912200450534092e-16
4.496374702275405070e+03 5.267100667231130382e-16
4.498376771840698893e+03 3.297407026461834016e-16
4.500378824612620519e+03 4.159790829166491878e-16
4.502380860575229235e+03 4.804623275911101770e-16
4.504382879712581598e+03 5.133080429385025437e-16
4.506384882008735076e+03 4.561475763196491893e-16
4.508386867447747136e+03 4.205216431416990786e-16
4.510388836013677064e+03 6.046078016181766476e-16
4.512390787690580510e+03 5.507832721570900045e-16
4.514392722462516758e+03 4.003724272311481102e-16
4.516394640313542368e+03 3.233920795131015749e-16
4.518396541227715716e+03 5.044703676931162301e-16
4.520398425189094269e+03 3.799027637509632146e-16
4.522400292181734585e+03 4.249120787094450617e-16
4.524402142189695951e+03 2.581525999589350462e-16
4.526403975197035834e+03 4.014611805555690030e-16
4.528405791187811701e+03 5.242105869706230419e-16
4.530407590146080111e+03 5.673095136748933730e-16
4.532409372055899439e+03 5.508366569615299590e-16
4.534411136901328064e+03 4.587700534536112989e-16
4.536412884666423452e+03 4.432488558789512496e-16
4.538414615335243070e+03 4.623229201094542074e-16
4.540416328891844387e+03 2.629693654605488564e-16
4.542418025320284869e+03 3.159556381900166902e-16
4.544419704604622893e+03 5.479966606507227229e-16
4.546421366728915018e+03 5.649539668462184251e-16
4.548423011677219620e+03 3.508762664616534278e-16
4.550424639433595075e+03 4.371697200543210242e-16
4.552426249982097943e+03 4.734941922045060791e-16
4.554427843306786599e+03 4.883920948880417557e-16
4.556429419391717602e+03 3.276587272372622983e-16
4.558430978220950237e+03 6.156586916740941552e-16
4.560432519778541064e+03 5.203808388052754186e-16
4.562434044048548458e+03 4.470800579850208219e-16
4.564435551015028977e+03 4.281671777583898404e-16
4.566437040662040999e+03 3.328301523688935843e-16
4.568438512973642901e+03 2.498467252180907590e-16
4.570439967933891239e+03 4.119587925019785747e-16
4.572441405526844392e+03 3.109648425800722850e-16
4.574442825736558916e+03 4.221922272689767655e-16
4.576444228547094099e+03 5.520673353073442536e-16
4.578445613942505588e+03 4.738304091784829900e-16
4.580446981906853580e+03 4.233627136495726277e-16
4.582448332424193723e+03 3.874476910592518911e-16
4.584449665478585302e+03 3.771195779120348004e-16
4.586450981054083968e+03 4.079590727616580586e-16
4.588452279134749006e+03 3.639541910364548227e-16
4.590453559704636973e+03 4.090205335417423882e-16
4.592454822747806247e+03 4.762862884087357869e-16
4.594456068248315205e+03 4.223812823569904516e-16
4.596457296190220404e+03 3.565144109945817715e-16
4.598458506557579312e+03 5.253802210259988333e-16
4.600459699334451216e+03 3.967857580279401409e-16
4.602460874504891763e+03 6.169924506242473733e-16
4.604462032052959330e+03 4.299927881928648188e-16
4.606463171962712295e+03 4.535899103842878284e-16
4.608464294218207215e+03 4.213616731429145894e-16
4.610465398803502467e+03 4.096549716737576908e-16
4.612466485702656428e+03 4.856553069361950406e-16
4.614467554899725656e+03 2.637964250497922297e-16
4.616468606378767618e+03 4.179231922103259979e-16
4.618469640123840691e+03 5.410635521735321936e-16
4.620470656119002342e+03 4.001113509288414732e-16
4.622471654348310039e+03 2.215136900654091420e-16
4.624472634795822160e+03 4.241325504016359925e-16
4.626473597445594351e+03 2.537544684070667971e-16
4.628474542281687718e+03 3.764049862708638447e-16
4.630475469288157001e+03 3.608853819439278814e-16
4.632476378449060576e+03 4.125010649426562247e-16
4.634477269748456820e+03 3.647507005523558530e-16
4.636478143170403200e+03 1.937348684449876020e-16
4.638478998698957184e+03 2.514463545119316979e-16
4.640479836318176240e+03 4.131356836446661467e-16
4.642480656012117834e+03 4.561541558737612399e-16
4.644481457764841252e+03 3.274417363587011228e-16
4.646482241560401235e+03 3.562004683789486376e-16
4.648483007382857977e+03 6.079387353291405820e-16
4.650483755216268037e+03 3.757780553791069967e-16
4.652484485044689791e+03 5.774124733472108732e-16
4.654485196852180707e+03 4.311439374496469806e-16
4.656485890622798252e+03 2.519766954686960939e-16
4.658486566340598984e+03 2.520777336342243180e-16
4.660487223989642189e+03 3.337242133454163730e-16
4.662487863553985335e+03 3.650487869000495455e-16
4.664488485017685889e+03 5.674411059743505079e-16
4.666489088364800409e+03 4.776715150294518782e-16
4.668489673579388182e+03 3.824286561875063694e-16
4.670490240645506674e+03 4.525998808168648956e-16
4.672490789547213353e+03 3.853771636943001392e-16
4.674491320268564778e+03 3.069653837134486026e-16
4.676491832793619324e+03 3.307931484457465272e-16
4.678492327106435368e+03 3.435769124248892178e-16
4.680492803191069470e+03 5.637118620686186155e-16
4.682493261031580914e+03 3.137982448216488158e-16
4.684493700612025350e+03 3.677396410150436479e-16
4.686494121916462063e+03 6.434929711280908038e-16
4.688494524928947612e+03 2.650633545977829965e-16
4.690494909633540374e+03 4.501233662832118239e-16
4.692495276014298724e+03 3.422538732928405436e-16
4.694495624055278313e+03 3.910575619169795618e-16
4.696495953740537516e+03 4.116584651618908218e-16
4.698496265054134710e+03 4.712129506893169934e-16
4.700496557980127363e+03 4.032910033131076877e-16
4.702496832502572943e+03 3.241559105406526968e-16
4.704497088605529825e+03 5.037236800603846959e-16
4.706497326273054568e+03 5.119144975745225542e-16
4.708497545489204640e+03 4.424472474214094598e-16
4.710497746238039326e+03 3.410699972108584070e-16
4.712497928503615185e+03 4.616994457399242045e-16
4.714498092269989684e+03 1.330123577641805048e-16
4.716498237521221199e+03 2.770177423534567857e-16
4.718498364241366289e+03 2.221637177994359863e-16
4.720498472414484240e+03 2.667258080947037602e-16
4.722498562024632520e+03 4.351177511772526464e-16
4.724498633055866776e+03 3.269584809310700138e-16
4.726498685492246295e+03 4.081157465142503482e-16
4.728498719317829455e+03 4.354423495547907706e-16
4.730498734516671902e+03 5.875181249758994828e-16
4.732498731072832925e+03 2.457073192808599945e-16
4.734498708970369989e+03 2.790373779336034837e-16
4.736498668193339654e+03 4.502840894219680342e-16
4.738498608725800295e+03 3.211472256054683056e-16
4.740498530551810290e+03 3.835126100537780454e-16
4.742498433655426197e+03 2.624507344337423999e-16
4.744498318020706392e+03 2.419758740529965363e-16
4.746498183631708343e+03 2.342812523667833372e-16
4.748498030472489518e+03 2.974557262820677244e-16
4.750497858527107383e+03 2.562262005534054179e-16
4.752497667779621224e+03 4.757300293446894358e-16
4.754497458214085782e+03 3.715939313660575335e-16
4.756497229814562161e+03 3.153390305331883638e-16
4.758496982565105100e+03 2.767491394128320608e-16
4.760496716449773885e+03 4.602864863905476720e-16
4.762496431452625075e+03 2.480712958461262604e-16
4.764496127557717045e+03 3.509134745964980238e-16
4.766495804749108174e+03 2.576321947082622833e-16
4.768495463010855019e+03 3.427279145446193243e-16
4.770495102327015047e+03 4.421754391570974401e-16
4.772494722681647545e+03 2.247615150858846191e-16
4.774494324058809070e+03 2.823689600251793367e-16
4.776493906442556181e+03 2.589871475884728850e-16
4.778493469816949073e+03 2.872550665169985606e-16
4.780493014166043395e+03 2.612220662811405853e-16
4.782492539473897523e+03 3.492627046985281133e-16
4.784492045724568925e+03 4.151359880091714148e-16
4.786491532902115068e+03 2.999556839434278904e-16
4.788491000990595239e+03 2.324367165881535948e-16
4.790490449974065086e+03 3.413633628661580971e-16
4.792489879836582986e+03 1.803796495655915542e-16
4.794489290562206406e+03 1.664719976952159880e-16
4.796488682134993724e+03 3.071369807484750220e-16
4.798488054539002405e+03 3.304742437398069793e-16
4.800487407758289010e+03 3.295160358277434175e-16
4.802486741776912822e+03 2.325350618646489908e-16
4.804486056578930402e+03 4.578121417381560494e-16
4.806485352148400125e+03 3.749710383439450089e-16
4.808484628469378549e+03 4.955311853436169353e-16
4.810483885525924052e+03 3.994506080202092965e-16
4.812483123302095009e+03 4.661588369316818038e-16
4.814482341781947980e+03 5.068621090909402908e-16
4.816481540949541341e+03 4.112404366179645864e-16
4.818480720788932558e+03 3.889623700655432290e-16
4.820479881284179100e+03 2.230660270450723659e-16
4.822479022419339344e+03 3.358142289431521545e-16
4.824478144178469847e+03 3.907885768481843455e-16
4.826477246545628986e+03 3.135728716394970753e-16
4.828476329504874229e+03 3.836495907468115197e-16
4.830475393040263043e+03 3.808982930706140541e-16
4.832474437135853805e+03 3.275617440122267557e-16
4.834473461775703072e+03 2.280993829397928750e-16
4.836472466943870131e+03 4.106308101375158904e-16
4.838471452624410631e+03 4.510267842186984939e-16
4.840470418801383857e+03 5.314323279844872221e-16
4.842469365458846369e+03 3.345338675691028136e-16
4.844468292580857451e+03 3.817013681507339938e-16
4.846467200151472753e+03 3.957118594956087814e-16
4.848466088154751560e+03 2.709380331494966258e-16
4.850464956574750431e+03 3.379425713962991413e-16
4.852463805395527743e+03 4.562613855539625722e-16
4.854462634601140962e+03 4.437616018652945892e-16
4.856461444175647557e+03 3.053290798594991805e-16
4.858460234103104995e+03 3.158998515911806581e-16
4.860459004367571652e+03 4.086477401825781653e-16
4.862457754953104086e+03 2.165165982661762605e-16
4.864456485843762493e+03 3.728070054130432158e-16
4.866455197023601613e+03 1.910972026382393933e-16
4.868453888476679822e+03 2.677645656582070039e-16
4.870452560187055496e+03 2.540965311763982526e-16
4.872451212138786104e+03 4.094537205619989530e-16
4.874449844315930022e+03 2.192522308089046340e-16
4.876448456702542899e+03 2.392217261671520083e-16
4.878447049282684929e+03 1.793588125678236588e-16
4.880445622040411763e+03 3.997033439770081914e-16
4.882444174959781776e+03 3.744402337310513477e-16
4.884442708024852436e+03 1.974112483559216348e-16
4.886441221219682120e+03 2.505235218274799393e-16
4.888439714528328295e+03 4.094142791343168607e-16
4.890438187934847520e+03 3.131004345296725693e-16
4.892436641423299079e+03 2.604074079641750737e-16
4.894435074977738623e+03 4.563513361896911560e-16
4.896433488582226346e+03 2.919616309636195468e-16
4.898431882220818807e+03 2.389478810930010056e-16
4.900430255877572563e+03 3.811947241112409297e-16
4.902428609536546901e+03 4.766825451645252470e-16
4.904426943181798379e+03 3.276135272737178314e-16
4.906425256797385373e+03 4.181180564807164559e-16
4.908423550367365351e+03 3.100219838329636086e-16
4.910421823875795781e+03 3.489820843185162499e-16
4.912420077306734129e+03 2.778311102001142582e-16
4.914418310644238773e+03 3.020723335658746086e-16
4.916416523872367179e+03 2.876048596991578279e-16
4.918414716975175907e+03 1.263419190854711341e-16
4.920412889936724241e+03 5.144565504922321572e-16
4.922411042741068741e+03 3.006241807503479552e-16
4.924409175372268692e+03 4.514257550748757150e-16
4.926407287814379742e+03 2.719495452512503193e-16
4.928405380051460270e+03 2.663234520738206336e-16
4.930403452067568651e+03 1.987312564801112905e-16
4.932401503846760534e+03 3.530788086374917977e-16
4.934399535373097024e+03 3.812949340782254277e-16
4.936397546630632860e+03 3.728387090293436295e-16
4.938395537603426419e+03 3.509073378953348843e-16
4.940393508275535169e+03 3.862090313131862746e-16
4.942391458631018395e+03 3.396267904971705578e-16
4.944389388653931746e+03 3.239139184960341755e-16
4.946387298328333600e+03 4.050303291975992698e-16
4.948385187638282332e+03 3.519242014698152434e-16
4.950383056567834501e+03 2.855178528248197345e-16
4.952380905101048484e+03 3.743855438138638805e-16
4.954378733221981747e+03 2.399035494204034467e-16
4.956376540914692669e+03 2.868887517557824012e-16
4.958374328163237806e+03 4.169835863024277633e-16
4.960372094951675535e+03 3.998376158065235407e-16
4.962369841264062416e+03 3.384010564309919010e-16
4.964367567084457733e+03 4.351747184800335731e-16
4.966365272396917135e+03 2.758617290997499569e-16
4.968362957185500818e+03 3.032292571087439576e-16
4.970360621434265340e+03 3.385345110652282428e-16
4.972358265127267259e+03 3.938036984690929761e-16
4.974355888248564952e+03 5.212839841516068531e-16
4.976353490782217705e+03 4.393017316707703635e-16
4.978351072712280256e+03 4.280336075861342103e-16
4.980348634022812803e+03 2.904027587835578389e-16
4.982346174697871902e+03 2.363558285366136384e-16
4.984343694721515021e+03 2.991792830510325489e-16
4.986341194077800537e+03 3.666111534362663149e-16
4.988338672750784099e+03 2.294953203318625774e-16
4.990336130724526811e+03 1.746695812532161492e-16
4.992333567983084322e+03 3.684009199341428967e-16
4.994330984510514099e+03 2.511637509557143427e-16
4.996328380290874520e+03 2.410195265400188015e-16
4.998325755308223052e+03 3.578127050182595133e-16
5.000323109546617161e+03 4.338954815933785650e-16
5.002320442990114316e+03 2.944445103797759656e-16
5.004317755622772893e+03 1.785746747171314715e-16
5.006315047428649450e+03 2.913241824173137742e-16
5.008312318391803274e+03 2.364250934255890128e-16
5.010309568496290922e+03 4.487600273946386666e-16
5.012306797726169862e+03 4.351719400652154021e-16
5.014304006065498470e+03 2.877660118182787496e-16
5.016301193498334214e+03 3.403416794664012877e-16
5.018298360008734562e+03 2.820282741620824329e-16
5.020295505580756981e+03 2.832983744368179856e-16
5.022292630198459847e+03 3.438937685256393450e-16
5.024289733845900628e+03 2.374381929529209869e-16
5.026286816507135882e+03 4.114943530431252725e-16
5.028283878166224895e+03 3.487762940771338590e-16
5.030280918807224225e+03 3.181475765566998955e-16
5.032277938414192249e+03 2.216496533723301060e-16
5.034274936971187344e+03 3.476922532048632172e-16
5.036271914462264249e+03 3.664207599023896129e-16
5.038268870871484069e+03 3.702379177652816037e-16
5.040265806182902452e+03 3.735315561541994430e-16
5.042262720380576866e+03 3.252729579601610235e-16
5.044259613448566597e+03 3.241087804217324628e-16
5.046256485370928203e+03 3.246864010732851619e-16
5.048253336131720062e+03 1.297047740377945485e-16
5.050250165714998730e+03 3.200689074436944532e-16
5.052246974104822584e+03 3.346407478615242184e-16
5.054243761285249093e+03 2.439857512835836551e-16
5.056240527240335723e+03 1.636143277927929430e-16
5.058237271954140851e+03 1.599432937058573309e-16
5.060233995410721946e+03 3.303505075432966220e-16
5.062230697594135563e+03 1.373297307322213621e-16
5.064227378488441900e+03 2.764758636644880333e-16
5.066224038077695695e+03 4.648777617304710988e-16
5.068220676345956235e+03 1.687306313148219008e-16
5.070217293277280987e+03 4.909195595902332809e-16
5.072213888855727419e+03 3.052151764611176064e-16
5.074210463065352997e+03 3.020482089775707660e-16
5.076207015890216098e+03 4.088599245910917954e-16
5.078203547314374191e+03 2.475638117847488175e-16
5.080200057321884742e+03 3.895596393950610576e-16
5.082196545896804309e+03 4.293701212729056526e-16
5.084193013023193089e+03 3.007524414183423850e-16
5.086189458685106729e+03 3.869372560037373797e-16
5.088185882866603606e+03 3.173458381756748266e-16
5.090182285551740279e+03 4.903866822319758031e-16
5.092178666724576942e+03 3.580055363686848022e-16
5.094175026369169245e+03 3.585465519566727989e-16
5.096171364469575565e+03 2.058892068643019601e-16
5.098167681009852458e+03 2.592553618788344489e-16
5.100163975974059213e+03 3.078210841366153976e-16
5.102160249346252385e+03 3.521908764234271747e-16
5.104156501110490353e+03 3.889638840478933079e-16
5.106152731250830584e+03 3.907937701750510919e-16
5.108148939751330545e+03 3.715108955107389534e-16
5.110145126596047703e+03 2.856967536571212729e-16
5.112141291769040436e+03 1.675698433060550488e-16
5.114137435254366210e+03 3.194585339238960404e-16
5.116133557036081584e+03 1.224888215928942285e-16
5.118129657098244934e+03 3.491443282942712577e-16
5.120125735424915547e+03 4.231624286591514390e-16
5.122121792000149071e+03 3.266682895033537864e-16
5.124117826808003883e+03 2.585049497761816782e-16
5.126113839832536542e+03 3.472234851876657825e-16
5.128109831057807241e+03 3.345868461942884789e-16
5.130105800467870722e+03 3.414931524516708584e-16
5.132101748046787179e+03 3.311724975577099175e-16
5.134097673778612261e+03 2.308978932577335876e-16
5.136093577647405255e+03 3.622149352459993922e-16
5.138089459637221807e+03 2.558284805564376189e-16
5.140085319732123025e+03 2.410319604646826933e-16
5.142081157916162738e+03 1.552630256783516048e-16
5.144076974173401140e+03 3.865420412331167920e-16
5.146072768487894791e+03 5.349869452538456769e-16
5.148068540843701157e+03 4.393959345995145893e-16
5.150064291224878616e+03 4.025701809265909597e-16
5.152060019615484634e+03 1.114036116961930266e-16
5.154055725999577589e+03 4.234227431007847160e-16
5.156051410361214039e+03 6.182651562275367624e-16
5.158047072684452360e+03 3.369864488202889144e-16
5.160042712953349110e+03 2.644057557046411942e-16
5.162038331151963575e+03 3.508215205628242726e-16
5.164033927264352315e+03 1.147669186888096391e-16
5.166029501274571885e+03 4.663181974109338385e-16
5.168025053166683392e+03 2.348748409494742424e-16
5.170020582924741575e+03 3.788671076395211538e-16
5.172016090532804810e+03 3.067846059830335804e-16
5.174011575974931475e+03 1.880539395844883485e-16
5.176007039235178127e+03 3.342760183258720971e-16
5.178002480297603142e+03 3.483167384045621516e-16
5.179997899146264899e+03 4.027572729976203211e-16
5.181993295765219045e+03 3.013403592204220313e-16
5.183988670138525777e+03 3.704671858884649452e-16
5.185984022250239832e+03 2.089774395872947347e-16
5.187979352084421407e+03 5.197122254105299322e-16
5.189974659625127060e+03 3.286120076802283517e-16
5.191969944856415168e+03 2.064166375138668913e-16
5.193965207762341379e+03 2.606336000512155119e-16
5.195960448326966798e+03 1.250157822302178073e-16
5.197955666534345255e+03 2.471107629816845793e-16
5.199950862368537855e+03 3.557717424252289950e-16
5.201946035813600247e+03 2.336387901628980582e-16
5.203941186853589898e+03 3.868920326573353398e-16
5.205936315472565184e+03 2.840899253552759442e-16
5.207931421654584483e+03 2.486919876584851054e-16
5.209926505383705262e+03 3.991402728059628709e-16
5.211921566643984079e+03 2.451882577723840214e-16
5.213916605419479311e+03 3.591111085194849130e-16
5.215911621694247515e+03 2.092431407813631281e-16
5.217906615452347978e+03 2.290083184905392649e-16
5.219901586677837258e+03 3.507594674918728604e-16
5.221896535354774642e+03 3.748869866022057004e-16
5.223891461467215777e+03 3.114902629303244729e-16
5.225886364999219950e+03 2.618932892684145389e-16
5.227881245934842809e+03 1.405145774383654383e-16
5.229876104258144551e+03 4.729351932184988781e-17
5.231870939953181733e+03 2.074105725895204259e-16
5.233865753004010912e+03 3.452204826232060501e-16
5.235860543394690467e+03 3.719371156791891845e-16
5.237855311109279683e+03 4.036545799794809148e-16
5.239850056131834208e+03 2.129260051729881446e-16
5.241844778446412420e+03 1.194650577722824650e-16
5.243839478037071785e+03 1.684420121610270254e-16
5.245834154887870682e+03 2.107024184860890104e-16
5.247828808982865667e+03 2.997744952056229227e-16
5.249823440306114207e+03 3.177654189643349091e-16
5.251818048841676500e+03 3.119206270846730002e-16
5.253812634573607284e+03 3.025198796505319616e-16
5.255807197485965844e+03 3.828584679910920474e-16
5.257801737562809649e+03 4.033310163980160452e-16
5.259796254788196165e+03 1.214003911021531822e-16
5.261790749146181952e+03 2.246153347382902091e-16
5.263785220620826294e+03 3.783677209528431367e-16
5.265779669196186660e+03 2.080990602929955037e-16
5.267774094856320517e+03 3.610278254274751639e-16
5.269768497585284422e+03 4.387323902198496133e-16
5.271762877367138572e+03 2.188483197525311817e-16
5.273757234185937705e+03 4.696203495164513027e-16
5.275751568025741108e+03 3.567054888505269668e-16
5.277745878870606248e+03 2.119356691440391917e-16
5.279740166704590592e+03 1.764754341911943676e-16
5.281734431511752518e+03 3.108872092511409676e-16
5.283728673276149493e+03 3.630072002081657666e-16
5.285722891981837165e+03 3.583691494436587049e-16
5.287717087612876639e+03 3.186942894893226340e-16
5.289711260153322655e+03 2.750575442650267994e-16
5.291705409587235408e+03 4.393174129799614932e-16
5.293699535898669637e+03 5.165407791012136602e-16
5.295693639071685539e+03 3.616149901582489112e-16
5.297687719090339669e+03 3.389849293948452633e-16
5.299681775938690407e+03 2.264234915656140300e-16
5.301675809600794310e+03 3.675162744509355383e-16
5.303669820060708844e+03 5.069662452302436667e-16
5.305663807302493296e+03 2.839313398017009441e-16
5.307657771310205135e+03 4.129450084546070860e-16
5.309651712067900007e+03 4.311902136638761328e-16
5.311645629559638110e+03 2.990831851446032220e-16
5.313639523769474181e+03 4.758959911015040681e-16
5.315633394681469326e+03 4.203207647433016585e-16
5.317627242279679194e+03 3.018749273473313672e-16
5.319621066548161252e+03 2.987022348918149194e-16
5.321614867470974787e+03 5.092141523273617224e-16
5.323608645032174536e+03 3.406360785047628319e-16
5.325602399215822516e+03 4.114561520341561260e-16
5.327596130005971645e+03 4.961969929920809861e-16
5.329589837386683939e+03 3.626530633011753463e-16
5.331583521342014137e+03 3.605611880518700487e-16
5.333577181856019706e+03 4.629022635072077183e-16
5.335570818912759933e+03 5.798826322914121477e-16
5.337564432496292284e+03 3.696458563059762958e-16
5.339558022590674227e+03 4.951926954601469778e-16
5.341551589179963230e+03 3.738969855575181480e-16
5.343545132248216760e+03 5.275676618406837998e-16
5.345538651779492284e+03 3.591037209754583382e-16
5.347532147757849089e+03 5.517129782224668234e-16
5.349525620167343732e+03 4.648621067511479895e-16
5.351519068992032771e+03 3.786170444142181872e-16
5.353512494215974584e+03 4.383420992570757037e-16
5.355505895823228457e+03 6.027854312463413750e-16
5.357499273797850037e+03 4.155875988957407239e-16
5.359492628123898612e+03 3.773069425417361849e-16
5.361485958785429830e+03 2.905857739064991826e-16
5.363479265766502976e+03 2.805903748868581387e-16
5.365472549051175520e+03 1.497031704769568582e-16
5.367465808623504927e+03 3.345820100623822709e-16
5.369459044467548665e+03 3.372418104307619374e-16
5.371452256567363293e+03 4.177291157506305337e-16
5.373445444907009005e+03 1.051448275803375326e-16
5.375438609470542360e+03 3.384472848051616638e-16
5.377431750242019916e+03 4.514865646760057476e-16
5.379424867205501869e+03 2.982349095810716889e-16
5.381417960345042957e+03 2.556812714397966928e-16
5.383411029644703376e+03 3.566843429574385153e-16
5.385404075088537866e+03 4.088256943185829017e-16
5.387397096660607531e+03 4.334509849016352504e-16
5.389390094344968020e+03 4.717821321207793349e-16
5.391383068125676800e+03 5.171476334542086795e-16
5.393376017986791339e+03 3.729663896912971162e-16
5.395368943912371833e+03 4.739888355003302462e-16
5.397361845886473020e+03 3.251884228356120988e-16
5.399354723893154187e+03 1.976680804559906835e-16
5.401347577916471892e+03 1.389266740678225467e-16
5.403340407940484511e+03 3.781315329440415829e-16
5.405333213949250421e+03 5.344519822622279309e-16
5.407325995926827090e+03 2.959058560289722843e-16
5.409318753857270167e+03 2.914308911545256158e-16
5.411311487724638937e+03 5.365641705865687915e-16
5.413304197512991777e+03 3.558573562967527397e-16
5.415296883206385246e+03 3.717218924525510105e-16
5.417289544788876810e+03 2.108122057000809363e-16
5.419282182244523938e+03 3.656512064423284452e-16
5.421274795557386824e+03 2.405920155964475864e-16
5.423267384711520208e+03 3.841896660682277593e-16
5.425259949690982467e+03 2.489075842882782298e-16
5.427252490479831977e+03 2.903415222232408446e-16
5.429245007062125296e+03 2.312178769693780623e-16
5.431237499421921711e+03 2.521759842329069430e-16
5.433229967543276871e+03 1.596163859227747311e-16
5.435222411410251880e+03 2.908266554268613579e-16
5.437214831006900567e+03 3.335541825459180677e-16
5.439207226317282220e+03 2.030009502340547808e-16
5.441199597325454306e+03 2.457844260183593413e-16
5.443191944015474292e+03 2.009761016136712382e-16
5.445184266371401463e+03 3.896590287294643556e-16
5.447176564377290561e+03 4.035529244289110364e-16
5.449168838017201779e+03 1.640257539407020212e-16
5.451161087275192585e+03 3.105933827250467484e-16
5.453153312135319538e+03 2.399075462932463265e-16
5.455145512581640105e+03 2.359226737838258207e-16
5.457137688598213572e+03 2.232331687838763023e-16
5.459129840169095587e+03 4.755781011603519492e-16
5.461121967278345437e+03 4.246965197617325645e-16
5.463114069910019680e+03 1.890195454346155654e-16
5.465106148048176692e+03 3.031415812470063642e-16
5.467098201676874851e+03 2.650188781122633674e-16
5.469090230780169804e+03 1.478441225637690253e-16
5.471082235342120839e+03 2.788638138223497004e-16
5.473074215346785422e+03 1.500312415022536500e-16
5.475066170778220112e+03 1.760391454420679168e-16
5.477058101620484194e+03 2.868987760553609086e-16
5.479050007857634228e+03 4.122385383379610735e-16
5.481041889473728588e+03 1.355392975438383147e-16
5.483033746452823834e+03 2.938179438139181305e-16
5.485025578778979252e+03 3.866808600575456744e-16
5.487017386436251400e+03 3.618630200424995121e-16
5.489009169408696835e+03 3.406499847171363469e-16
5.491000927680375753e+03 2.468133414608897367e-16
5.492992661235344713e+03 5.194683605137443212e-16
5.494984370057662090e+03 3.213749473699103587e-16
5.496976054131382625e+03 1.675393368686352759e-16
5.498967713440568332e+03 2.849728758722549404e-16
5.500959347969273040e+03 3.221348201612330521e-16
5.502950957701556035e+03 2.179729567900263734e-16
5.504942542621476605e+03 3.730525814763099411e-16
5.506934102713089487e+03 4.697114987917172530e-16
5.508925637960453969e+03 2.952685146423756622e-16
5.510917148347627517e+03 4.275053999424114862e-16
5.512908633858667599e+03 3.383483308188130373e-16
5.514900094477632592e+03 1.833025426789808311e-16
5.516891530188579054e+03 4.439306102143774732e-16
5.518882940975564452e+03 1.464184401709518337e-16
5.520874326822648072e+03 3.256091850526700027e-16
5.522865687713886473e+03 2.496234632699874270e-16
5.524857023633338031e+03 2.707417020927332290e-16
5.526848334565059304e+03 1.552521071761332032e-16
5.528839620493108669e+03 3.115608735644903046e-16
5.530830881401543593e+03 2.526053692646622936e-16
5.532822117274421544e+03 1.384631511619431404e-16
5.534813328095800898e+03 2.697981316522353016e-16
5.536804513849740033e+03 2.990835168939018255e-16
5.538795674520293687e+03 1.637326356436008657e-16
5.540786810091522966e+03 3.464063471404757149e-16
5.542777920547482609e+03 2.156133395691450115e-16
5.544769005872232810e+03 3.197896951993327966e-16
5.546760066049828310e+03 4.173142262047045920e-16
5.548751101064330214e+03 3.328252746989349721e-16
5.550742110899793261e+03 3.271316893862123209e-16
5.552733095540277645e+03 2.017749044316769961e-16
5.554724054969839017e+03 2.027731898683919755e-16
5.556714989172534843e+03 1.757367007783623494e-16
5.558705898132425318e+03 2.336864549155595440e-16
5.560696781833565183e+03 2.479743371244845803e-16
5.562687640260013723e+03 3.632863931112442785e-16
5.564678473395829315e+03 4.383512975859506127e-16
5.566669281225067607e+03 4.162611000004971625e-16
5.568660063731787886e+03 1.379690754560473381e-16
5.570650820900047620e+03 2.407309092212244870e-16
5.572641552713902456e+03 2.845338499690682785e-16
5.574632259157412591e+03 1.704495336959595510e-16
5.576622940214634582e+03 1.384116252339531868e-16
5.578613595869626806e+03 3.857561877825230163e-16
5.580604226106446731e+03 3.748911873112407186e-16
5.582594830909150915e+03 2.148146796629522553e-16
5.584585410261797733e+03 4.942391631150705814e-16
5.586575964148445564e+03 3.575020363956355258e-16
5.588566492553150965e+03 1.351227288445209354e-16
5.590556995459972313e+03 3.224683583837113630e-16
5.592547472852967985e+03 1.560851526011240284e-16
5.594537924716192720e+03 2.465154755322407910e-16
5.596528351033708532e+03 1.226302981297046958e-16
5.598518751789569251e+03 2.098437036954803907e-16
5.600509126967834163e+03 1.440162935734709480e-16
5.602499476552560736e+03 2.857453790243815533e-16
5.604489800527808256e+03 3.668662078251723365e-16
5.606480098877630553e+03 2.389870952843967263e-16
5.608470371586088731e+03 3.392317830273776411e-16
5.610460618637240259e+03 4.195928038518102094e-16
5.612450840015140784e+03 4.031525304762335945e-16
5.614441035703848684e+03 2.446130866703994394e-16
5.616431205687422334e+03 4.260004932742475824e-16
5.618421349949920113e+03 2.634582845018950399e-16
5.620411468475397669e+03 1.426965496069795243e-16
5.622401561247914287e+03 2.658509776881725556e-16
5.624391628251526527e+03 2.849104464299988769e-16
5.626381669470292763e+03 3.818264166413933267e-17
5.628371684888270465e+03 3.020285186098836793e-16
5.630361674489517100e+03 4.244713136496125519e-16
5.632351638258091043e+03 1.229119842214479261e-16
5.634341576178048854e+03 3.527485825440859075e-16
5.636331488233448908e+03 3.725845482758264592e-16
5.638321374408348674e+03 2.615151212591837198e-16
5.640311234686805619e+03 1.233488162944822284e-16
5.642301069052879029e+03 2.257737786689903240e-16
5.644290877490624553e+03 2.987567724882950165e-16
5.646280659984100566e+03 2.802923033459814304e-16
5.648270416517364538e+03 3.063912742934578663e-16
5.650260147074473934e+03 1.572478362125451912e-16
5.652249851639488043e+03 8.356525130285421035e-17
5.654239530196462511e+03 2.298373652283794570e-16
5.656229182729455715e+03 2.373022575647588916e-16
5.658218809222525124e+03 1.790624070266158911e-16
5.660208409659729114e+03 3.114369031015415482e-16
5.662197984025124242e+03 4.577276768247004232e-16
5.664187532302770705e+03 1.949367213132717890e-16
5.666177054476722333e+03 3.087553177270557803e-16
5.668166550531039320e+03 1.671591217663965074e-16
5.670156020449780044e+03 4.660756312905238538e-16
5.672145464216999244e+03 4.986987558226447859e-16
5.674134881816757115e+03 2.784342282682809524e-16
5.676124273233110216e+03 3.201334492672370225e-16
5.678113638450116923e+03 4.886010854797856891e-16
5.680102977451834704e+03 2.729067170357968026e-16
5.682092290222321026e+03 3.624002701251663733e-16
5.684081576745633356e+03 3.757297461903193099e-16
5.686070837005829162e+03 3.662692255810678679e-16
5.688060070986966821e+03 1.372335711868365594e-16
5.690049278673102890e+03 5.366995364437583972e-17
5.692038460048297566e+03 3.743343127573248724e-16
5.694027615096605587e+03 4.063746295894528126e-16
5.696016743802085330e+03 2.414983089372579660e-16
5.698005846148795172e+03 3.939023368499292356e-16
5.699994922120793490e+03 2.853183471987831973e-16
5.701983971702136841e+03 1.925248062887939537e-16
5.703972994876881785e+03 4.271008648041029801e-16
5.705961991629088516e+03 2.290550394107480941e-16
5.707950961942813592e+03 3.966461857516180353e-16
5.709939905802113572e+03 1.680104426262744066e-16
5.711928823191047741e+03 2.867593997582799620e-16
5.713917714093673567e+03 2.063530526089406143e-16
5.715906578494046698e+03 3.888834296019645951e-16
5.717895416376228241e+03 3.334449582409272963e-16
5.719884227724272932e+03 2.288095683938896918e-16
5.721873012522240060e+03 3.792409270169624778e-16
5.723861770754187091e+03 2.917446467145339429e-16
5.725850502404170584e+03 3.752473088159043736e-16
5.727839207456248914e+03 4.818867148873534501e-16
5.729827885894480460e+03 3.535016734475562703e-16
5.731816537702921778e+03 3.095804044672091324e-16
5.733805162865630336e+03 2.262903359669630808e-16
5.735793761366665422e+03 1.742227037979847870e-16
5.737782333190084501e+03 2.204852312488508319e-16
5.739770878319943222e+03 1.606290448677805357e-16
5.741759396740300872e+03 1.973412224533752585e-16
5.743747888435214918e+03 2.877598111262873327e-16
5.745736353388742828e+03 8.761280784558600477e-17
5.747724791584942977e+03 2.744028340667415220e-16
5.749713203007871925e+03 1.802245196569923059e-16
5.751701587641587139e+03 2.357084399367946135e-16
5.753689945470147904e+03 1.923422441483208443e-16
5.755678276477610780e+03 1.187427049446504017e-16
5.757666580648033232e+03 2.380007279070444757e-16
5.759654857965473639e+03 3.564452008413107189e-16
5.761643108413989466e+03 3.632041167533286710e-16
5.763631331977637274e+03 3.185847231269492057e-16
5.765619528640476346e+03 3.624446511987483769e-16
5.767607698386564152e+03 3.142242483987973306e-16
5.769595841199957249e+03 3.975691712410628181e-16
5.771583957064714014e+03 3.438091936776180250e-16
5.773572045964892823e+03 2.505516073322725967e-16
5.775560107884550234e+03 3.846595936113481279e-16
5.777548142807743716e+03 1.638573749790496968e-16
5.779536150718531644e+03 2.316634915539216938e-16
5.781524131600972396e+03 4.510323186489467515e-16
5.783512085439122529e+03 2.671646213046444863e-16
5.785500012217039512e+03 2.601487763482672398e-16
5.787487911918780810e+03 3.257567076886490777e-16
5.789475784528406621e+03 -8.045700554488247454e-18
5.791463630029971682e+03 3.566079890392582918e-16
5.793451448407534372e+03 2.893097291500955201e-16
5.795439239645153066e+03 2.337568512686991106e-16
5.797427003726885232e+03 1.612396117980972576e-16
5.799414740636788338e+03 3.247414951146846027e-16
5.801402450358920760e+03 2.727824951262328432e-16
5.803390132877338146e+03 -8.086137469836527261e-19
5.805377788176100694e+03 2.476032556577703921e-16
5.807365416239264960e+03 2.851066770295359472e-16
5.809353017050887502e+03 2.339652474710908622e-16
5.811340590595027606e+03 2.311825003202584816e-16
5.813328136855742741e+03 2.752085824462899102e-16
5.815315655817089464e+03 2.471366783436872955e-16
5.817303147463126152e+03 2.120548400130322342e-16
5.819290611777912090e+03 4.466461125522368704e-16
5.821278048745502019e+03 2.516599708546392697e-16
5.823265458349955225e+03 1.909723199580321575e-16
5.825252840575329174e+03 2.999064049171804346e-16
5.827240195405682243e+03 2.271381525453060728e-16
5.829227522825070992e+03 3.553747790211673089e-16
5.831214822817551976e+03 2.219628669722502431e-16
5.833202095367186303e+03 4.321170266394638354e-16
5.835189340458028710e+03 2.397745835987139440e-16
5.837176558074137574e+03 3.982111131317211075e-16
5.839163748199571273e+03 3.362408843006653957e-16
5.841150910818387274e+03 2.511187652662338518e-16
5.843138045914642134e+03 4.695791280850160814e-16
5.845125153472395141e+03 2.551254654932416848e-16
5.847112233475703761e+03 2.949931061879099611e-16
5.849099285908623642e+03 2.021018878317795393e-16
5.851086310755214981e+03 3.321261776377547202e-16
5.853073307999534336e+03 1.490321596136116475e-16
5.855060277625639173e+03 1.526531430637647231e-16
5.857047219617586961e+03 2.580684667998465534e-16
5.859034133959436076e+03 1.849157464063389755e-16
5.861021020635243985e+03 3.079562897378262258e-16
5.863007879629069066e+03 2.676736458267518700e-16
5.864994710924966967e+03 3.322339077620177962e-16
5.866981514506996973e+03 3.286886696871035632e-16
5.868968290359216553e+03 3.104956915357855245e-16
5.870955038465683174e+03 1.823735679832272905e-17
5.872941758810455212e+03 2.314842677450498163e-16
5.874928451377589226e+03 2.831635194588023777e-16
5.876915116151143593e+03 3.094907575700667121e-16
5.878901753115174870e+03 3.187177271704328416e-17
5.880888362253742343e+03 4.010626882304770259e-16
5.882874943550903481e+03 4.249446939080554822e-16
5.884861496990713931e+03 2.853932831189126951e-16
5.886848022557232980e+03 3.949312699857628436e-16
5.888834520234519005e+03 3.037792310889995223e-16
5.890820990006628563e+03 3.822790200169645035e-16
5.892807431857620031e+03 2.011207252320249413e-16
5.894793845771549059e+03 3.357049957253202793e-16
5.896780231732476750e+03 3.396595689381413142e-16
5.898766589724457845e+03 3.043799310940848373e-16
5.900752919731550719e+03 1.055096117403018856e-16
5.902739221737813750e+03 2.068942353771978325e-16
5.904725495727305315e+03 2.443171663623419887e-16
5.906711741684081062e+03 3.334744341852303521e-16
5.908697959592198458e+03 2.768236565078387551e-16
5.910684149435717700e+03 1.427181153694136509e-16
5.912670311198695345e+03 4.224094442994181976e-16
5.914656444865187950e+03 1.654824938378199142e-16
5.916642550419254803e+03 2.082647462241647455e-16
5.918628627844952462e+03 3.202332912503335679e-16
5.920614677126338393e+03 2.682832021436412647e-16
5.922600698247471882e+03 1.682501038639981451e-16
5.924586691192409489e+03 2.853884272430718252e-16
5.926572655945207771e+03 3.168477334568701592e-16
5.928558592489926014e+03 2.355550712112998898e-16
5.930544500810621685e+03 1.348989455230403694e-16
5.932530380891352252e+03 3.306458977248696898e-16
5.934516232716175182e+03 4.350945890789630813e-16
5.936502056269147943e+03 1.671665594571310609e-16
5.938487851534328911e+03 3.908535561715053634e-16
5.940473618495774645e+03 2.162206990518750922e-16
5.942459357137544430e+03 2.601548087667126286e-16
5.944445067443694825e+03 1.379313029431891732e-16
5.946430749398283297e+03 2.078463597189078361e-16
5.948416402985369132e+03 3.127886629096813473e-16
5.950402028189007979e+03 2.753883561179028987e-16
5.952387624993258214e+03 3.595432843981028971e-16
5.954373193382178215e+03 3.447615546752252961e-16
5.956358733339824539e+03 2.272380960617070550e-16
5.958344244850255564e+03 2.113890339905427419e-16
5.960329727897529665e+03 3.652398068277504168e-16
5.962315182465701582e+03 2.326201526544212414e-16
5.964300608538832421e+03 1.319688550258981426e-16
5.966286006100978739e+03 4.953350165251065519e-16
5.968271375136197094e+03 2.225325884832585833e-16
5.970256715628545862e+03 2.833694898247154034e-16
5.972242027562084331e+03 2.136231724514415969e-16
5.974227310920867239e+03 1.745388625895086251e-16
5.976212565688954783e+03 1.398652689717802629e-16
5.978197791850402609e+03 2.075909921584679275e-16
5.980182989389269096e+03 3.392680532890173899e-16
5.982168158289612620e+03 2.582791045642301708e-16
5.984153298535491558e+03 3.159354024447749066e-16
5.986138410110959740e+03 3.826464605965532437e-16
5.988123493000080089e+03 2.087813682130641545e-16
5.990108547186906435e+03 3.221236560542189510e-16
5.992093572655498065e+03 2.309002021440420255e-16
5.994078569389911536e+03 2.703872283231358741e-16
5.996063537374206135e+03 2.197475965118132316e-16
5.998048476592438419e+03 3.291543086641850457e-16
6.000033387028665857e+03 4.268300767851129105e-16
6.002018268666946824e+03 1.596166974505271517e-16
6.004003121491338788e+03 2.870774852850432346e-16
6.005987945485900127e+03 2.113898458674476455e-16
6.007972740634686488e+03 1.220616515037273765e-16
6.009957506921757158e+03 2.456082932237801992e-16
6.011942244331168695e+03 1.286965173496482506e-16
6.013926952846981294e+03 2.984583927297880482e-16
6.015911632453249695e+03 3.073830334600561202e-17
6.017896283134032274e+03 1.184337918783868671e-16
6.019880904873387408e+03 1.225908791812190063e-16
6.021865497655372565e+03 9.901623227458005547e-17
6.023850061464045211e+03 2.736410912034080961e-16
6.025834596283463725e+03 2.316988885218083763e-16
6.027819102097684663e+03 4.826034785638500837e-16
6.029803578890765493e+03 3.043533285021297446e-16
6.031788026646766411e+03 2.308658198779346766e-16
6.033772445349741247e+03 2.293098872218082445e-16
6.035756834983752015e+03 5.175630990473092082e-17
6.037741195532852544e+03 1.727180133213343024e-16
6.039725526981102121e+03 2.619855118673658605e-16
6.041709829312559123e+03 4.182584907341339680e-16
6.043694102511280107e+03 2.550705091139455918e-16
6.045678346561322542e+03 1.569121739437280892e-16
6.047662561446744803e+03 3.013355138634194142e-16
6.049646747151604359e+03 1.698017694516727638e-16
6.051630903659959586e+03 3.416266098852736517e-16
6.053615030955866132e+03 2.910010837615434484e-16
6.055599129023384194e+03 -4.608576709865207373e-17
6.057583197846569419e+03 2.268378408195577495e-16
6.059567237409481095e+03 2.848445168428227927e-16
6.061551247696175778e+03 3.197255118534958886e-16
6.063535228690710937e+03 2.960639358633341613e-16
6.065519180377144949e+03 4.467355744227493027e-16
6.067503102739536189e+03 2.152990924721002416e-16
6.069486995761940307e+03 2.306010208938282201e-16
6.071470859428416588e+03 2.965401415037539295e-16
6.073454693723022501e+03 2.784100071304057685e-16
6.075438498629814603e+03 -1.624007768487914713e-17
6.077422274132852181e+03 3.129836102863925994e-16
6.079406020216190882e+03 3.488037377846665569e-16
6.081389736863890903e+03 2.178806514810152867e-16
6.083373424060007892e+03 3.448424455789305251e-16
6.085357081788601135e+03 2.122197040986809863e-16
6.087340710033726282e+03 6.863890969552596076e-17
6.089324308779442617e+03 2.114653916679488163e-16
6.091307878009807609e+03 4.179086840308266045e-16
6.093291417708878726e+03 2.328293415326359438e-16
6.095274927860712523e+03 1.156026189701330573e-16
6.097258408449368289e+03 3.063785983238881210e-16
6.099241859458903491e+03 3.494247241368454599e-16
6.101225280873374686e+03 3.034555904477103744e-16
6.103208672676841161e+03 2.650358359158463833e-16
6.105192034853358564e+03 1.062921421275907291e-16
6.107175367386986181e+03 3.095694291794503781e-16
6.109158670261780571e+03 1.391147092313297396e-16
6.111141943461801020e+03 2.913971632211349088e-16
6.113125186971104085e+03 2.516790717594651563e-16
6.115108400773747235e+03 4.269301206020871359e-16
6.117091584853787936e+03 1.533875068060111742e-16
6.119074739195285474e+03 1.712608236704083678e-16
6.121057863782296408e+03 2.155792408421806383e-16
6.123040958598877296e+03 1.728649668287980740e-16
6.125024023629087424e+03 1.457343053503500318e-16
6.127007058856983349e+03 2.190872265170307553e-16
6.128990064266625268e+03 2.620729637518867043e-16
6.130973039842067010e+03 1.156883187412146724e-16
6.132955985567368771e+03 3.558078478881864710e-16
6.134938901426587108e+03 1.755529086248812683e-16
6.136921787403781309e+03 3.516821063947525669e-16
6.138904643483007021e+03 2.930784183074007739e-16
6.140887469648323531e+03 4.220925060444182766e-16
6.142870265883787397e+03 1.769400893634205134e-16
6.144853032173456086e+03 2.386305594952670635e-16
6.146835768501388884e+03 7.656415240868799184e-17
6.148818474851642350e+03 2.206045919494806345e-16
6.150801151208273950e+03 3.047057317196803427e-16
6.152783797555341152e+03 2.105198824003224090e-16
6.154766413876903243e+03 3.262535202924369829e-16
6.156749000157014962e+03 2.636636555530571785e-16
6.158731556379738322e+03 2.389176594920346865e-16
6.160714082529126244e+03 3.053230334508065999e-16
6.162696578589239834e+03 2.957817662476106622e-16
6.164679044544134740e+03 9.391183731178407033e-17
6.166661480377870248e+03 3.672981010878492163e-16
6.168643886074502916e+03 1.257461595383965605e-16
6.170626261618090211e+03 2.396147281333930848e-16
6.172608606992691421e+03 4.693186756957611621e-17
6.174590922182362192e+03 2.040987818029077282e-16
6.176573207171160902e+03 2.963884858374041974e-16
6.178555461943145929e+03 1.861471809789821198e-16
6.180537686482373829e+03 1.631518398942687880e-16
6.182519880772903889e+03 3.141823198180486265e-16
6.184502044798791758e+03 1.712133685331002144e-16
6.186484178544096721e+03 1.479462787851908853e-16
6.188466281992876247e+03 3.703460113930635946e-16
6.190448355129186893e+03 2.646123443886219973e-16
6.192430397937087037e+03 2.515086654152691624e-16
6.194412410400633235e+03 7.184425520410570242e-17
6.196394392503885683e+03 2.607108842935031632e-16
6.198376344230900941e+03 1.709572591285909359e-16
6.200358265565735564e+03 1.938892471568484334e-16
6.202340156492447932e+03 2.107513354466555878e-16
6.204322016995096419e+03 1.108247279061455237e-16
6.206303847057737585e+03 2.525251186881329175e-16
6.208285646664429805e+03 1.478057887795138489e-16
6.210267415799230548e+03 7.654875455824413865e-17
6.212249154446197281e+03 5.145525056947781901e-17
6.214230862589387471e+03 2.969146516235892183e-16
6.216212540212860404e+03 1.544029384720397500e-16
6.218194187300670819e+03 3.230426347887543778e-16
6.220175803836879822e+03 2.509405924333532669e-16
6.222157389805543062e+03 2.028486386678086871e-16
6.224138945190718005e+03 1.621738927930394124e-16
6.226120469976462118e+03 1.881462415329839278e-16
6.228101964146834689e+03 2.991902627106423670e-16
6.230083427685892275e+03 3.270737397273559892e-16
6.232064860577692343e+03 4.053470006037495834e-16
6.234046262806293271e+03 2.990731590559137209e-16
6.236027634355752525e+03 2.140861019137029021e-16
6.238008975210127574e+03 2.621062835538422534e-16
6.239990285353475883e+03 3.088169336204426784e-16
6.241971564769855831e+03 1.928999087120906289e-16
6.243952813443323976e+03 3.139201217682758549e-16
6.245934031357939602e+03 2.619548886708415099e-16
6.247915218497759270e+03 1.422264346143484813e-16
6.249896374846839535e+03 3.770687625322882816e-16
6.251877500389240595e+03 2.107611927938691558e-16
6.253858595109019006e+03 1.463093127907513321e-16
6.255839658990232238e+03 2.522619295389446515e-16
6.257820692016937755e+03 1.330418560228150599e-16
6.259801694173193027e+03 2.067001418744109282e-16
6.261782665443057340e+03 1.904479567251758060e-16
6.263763605810585432e+03 1.471305515170662324e-16
6.265744515259838408e+03 9.200156876266206025e-17
6.267725393774871918e+03 3.693783450488351257e-16
6.269706241339743428e+03 3.160367754117164094e-16
6.271687057938512226e+03 1.287420159836238880e-16
6.273667843555233958e+03 1.110096501654736991e-16
6.275648598173967912e+03 1.483160571308568111e-16
6.277629321778770645e+03 2.385567112396504660e-17
6.279610014353700535e+03 1.054827753516218886e-16
6.281590675882815049e+03 3.229709406326969439e-16
6.283571306350171653e+03 2.964205477918990381e-16
6.285551905739828726e+03 1.683253124628761533e-16
6.287532474035842824e+03 1.516514649996679305e-16
6.289513011222272326e+03 2.703783975018341609e-16
6.291493517283174697e+03 3.055506643749608368e-16
6.293473992202607405e+03 1.975408637616847492e-16
6.295454435964628829e+03 3.158160344340589063e-16
6.297434848553295524e+03 2.332631265894495563e-16
6.299415229952666778e+03 2.285950443882859578e-16
6.301395580146800057e+03 2.038057337747581594e-16
6.303375899119750102e+03 3.507565666315898985e-16
6.305356186855578017e+03 2.483301087028132144e-16
6.307336443338340359e+03 3.368704188724835857e-16
6.309316668552093688e+03 1.813963250374926559e-16
6.311296862480898199e+03 3.551995090119013008e-16
6.313277025108808630e+03 3.191588808595194209e-16
6.315257156419884268e+03 2.247361510137438327e-16
6.317237256398183490e+03 3.111804204143225991e-16
6.319217325027761945e+03 1.602721698961843694e-16
6.321197362292678918e+03 2.584007449174649664e-16
6.323177368176991877e+03 2.416388734711427222e-16
6.325157342664757380e+03 2.243858611794588641e-16
6.327137285740033803e+03 9.318496171270514285e-17
6.329117197386878615e+03 3.672169313868363448e-16
6.331097077589351102e+03 1.216387958566389078e-16
6.333076926331506911e+03 2.465331602437717829e-16
6.335056743597404420e+03 1.579814684758903964e-16
6.337036529371101096e+03 4.646928673021584576e-17
6.339016283636654407e+03 2.690502280019666519e-17
6.340996006378123639e+03 1.873166692332520619e-16
6.342975697579563530e+03 1.545921440273043514e-16
6.344955357225034277e+03 2.518225090346347306e-16
6.346934985298592437e+03 3.446313846686626310e-16
6.348914581784296388e+03 7.857646400596071930e-17
6.350894146666203596e+03 4.081218188771422713e-16
6.352873679928370620e+03 1.804018522885776546e-16
6.354853181554855837e+03 1.904859429827777029e-16
6.356832651529717623e+03 2.184394311599720227e-16
6.358812089837013446e+03 2.188243414476164915e-16
6.360791496460800772e+03 2.441516615753874529e-16
6.362770871385136161e+03 2.418193953355101490e-16
6.364750214594077988e+03 3.464010943740154705e-16
6.366729526071685541e+03 2.155523765618718578e-16
6.368708805802014467e+03 3.336559078952546935e-16
6.370688053769123144e+03 1.163347579856429536e-16
6.372667269957069038e+03 1.262345602836351352e-16
6.374646454349909618e+03 1.950374796519342260e-16
6.376625606931704169e+03 2.181284045769614551e-16
6.378604727686508340e+03 2.558303303005602426e-16
6.380583816598380508e+03 4.333296827268919672e-16
6.382562873651378140e+03 2.346352766877401638e-16
6.384541898829558704e+03 4.352520071339050918e-16
6.386520892116981486e+03 2.396169369210631127e-16
6.388499853497702134e+03 1.510268045991517144e-16
6.390478782955780844e+03 6.502698694002370286e-17
6.392457680475272355e+03 1.176479959414122715e-16
6.394436546040235044e+03 2.922345208176292744e-16
6.396415379634727287e+03 1.701462763909366999e-16
6.398394181242807463e+03 2.272629788454223162e-16
6.400372950848532128e+03 3.822771972089636561e-16
6.402351688435958749e+03 1.846514370988561344e-16
6.404330393989145705e+03 6.151707238473418002e-17
6.406309067492150461e+03 2.734263074735592678e-16
6.408287708929030487e+03 2.794157286130102534e-16
6.410266318283843248e+03 2.035210543000099547e-16
6.412244895540647121e+03 4.416174867825821585e-16
6.414223440683499575e+03 2.928060912193293176e-16
6.416201953696458077e+03 3.754615849261693263e-16
6.418180434563581002e+03 2.952096206595145756e-16
6.420158883268924001e+03 1.687506100732709484e-16
6.422137299796546358e+03 7.173575597662334270e-17
6.424115684130506452e+03 2.420309199222774718e-16
6.426094036254860839e+03 1.571598003656292498e-16
6.428072356153666988e+03 3.772820077956423112e-16
6.430050643810982365e+03 3.934277371572475574e-16
6.432028899210865347e+03 1.776590223968232947e-16
6.434007122337374312e+03 3.034965589167234150e-16
6.435985313174564908e+03 2.354020256790536064e-16
6.437963471706496421e+03 9.137283076701424255e-17
6.439941597917226318e+03 3.219669727939494294e-16
6.441919691790812067e+03 1.344362029866747831e-16
6.443897753311311135e+03 1.420818746945316754e-16
6.445875782462780990e+03 2.083331645974840161e-16
6.447853779229280008e+03 3.255972361400690874e-16
6.449831743594865657e+03 2.368389595465074907e-16
6.451809675543594494e+03 1.776401745282317506e-16
6.453787575059526716e+03 4.214898086305049343e-16
6.455765442126717062e+03 4.369788458335666031e-16
6.457743276729224817e+03 2.436659887573623459e-16
6.459721078851107450e+03 3.151383186691421872e-17
6.461698848476423336e+03 3.697129087394694122e-16
6.463676585589228125e+03 3.786473240091112629e-16
6.465654290173581103e+03 2.359835354636101473e-16
6.467631962213539737e+03 1.510656437964002096e-16
6.469609601693162404e+03 4.822561767872495476e-16
6.471587208596504752e+03 3.432123436817435950e-16
6.473564782907626068e+03 3.259559416073637192e-16
6.475542324610583819e+03 2.440176857331799883e-16
6.477519833689433653e+03 3.221083717297760018e-16
6.479497310128237586e+03 2.970019461367317904e-16
6.481474753911048538e+03 3.423156660914674066e-16
6.483452165021927613e+03 4.012155670966313085e-16
6.485429543444930459e+03 2.890929480886593885e-16
6.487406889164116365e+03 1.368220915838954270e-16
6.489384202163540976e+03 2.287731515177206977e-16
6.491361482427264491e+03 2.424082619166186704e-16
6.493338729939341647e+03 1.839964459231825503e-16
6.495315944683832640e+03 4.206432312466253296e-16
6.497293126644794029e+03 2.155191808509324741e-16
6.499270275806284189e+03 4.302856614120203241e-16
6.501247392152358771e+03 3.792433082487604642e-16
6.503224475667077968e+03 2.260317709010270884e-16
6.505201526334498340e+03 3.624350713931861710e-16
6.507178544138676443e+03 1.776470924973895787e-16
6.509155529063672475e+03 3.189525756096672218e-16
6.511132481093542083e+03 2.843662747305932568e-16
6.513109400212343644e+03 2.406854256367859344e-16
6.515086286404134626e+03 1.946299924989700638e-16
6.517063139652973405e+03 2.122549279033477343e-16
6.519039959942916539e+03 2.876314573806325612e-16
6.521016747258021496e+03 3.304825436384041209e-16
6.522993501582348472e+03 2.411812311311877673e-16
6.524970222899952205e+03 3.320146196901088139e-16
6.526946911194891072e+03 2.650381074230891768e-16
6.528923566451224360e+03 1.229953588029836941e-16
6.530900188653007717e+03 4.045225879605588790e-16
6.532876777784300430e+03 2.786315195358292400e-16
6.534853333829158146e+03 2.539935390800111987e-16
6.536829856771641062e+03 4.223750015921563727e-16
6.538806346595804825e+03 2.630018754859468882e-16
6.540782803285707814e+03 9.607030490231367327e-17
6.542759226825407495e+03 1.957073998724602266e-16
6.544735617198962245e+03 2.607152794327869567e-16
6.546711974390429532e+03 5.408640266603691817e-17
6.548688298383865913e+03 4.131351943264508587e-16
6.550664589163330675e+03 1.851029791201892464e-16
6.552640846712880375e+03 2.868122988121561755e-16
6.554617071016573391e+03 5.279598907652865605e-17
6.556593262058466280e+03 2.043907622915801285e-16
6.558569419822617419e+03 2.653228715562089978e-16
6.560545544293085186e+03 3.002920253788103408e-16
6.562521635453926137e+03 2.252023253712904175e-16
6.564497693289197741e+03 1.719799063613162640e-16
6.566473717782959284e+03 4.171159689172207109e-16
6.568449708919266413e+03 2.420128941311659376e-16
6.570425666682178417e+03 9.857482705774508762e-17
6.572401591055752760e+03 3.362882300144511043e-16
6.574377482024046913e+03 4.984955704686088417e-17
6.576353339571118340e+03 2.298451706361081076e-16
6.578329163681022692e+03 3.199678520974090701e-16
6.580304954337821982e+03 3.135969080829119261e-16
6.582280711525570950e+03 1.719076161922831172e-16
6.584256435228327973e+03 1.939027425714015306e-16
6.586232125430149608e+03 3.169920775113855509e-16
6.588207782115096052e+03 1.721078221564920697e-16
6.590183405267222042e+03 7.423629213883172084e-17
6.592158994870587776e+03 2.661362693926485469e-16
6.594134550909249811e+03 1.338884616493820076e-16
6.596110073367264704e+03 2.778154706972655982e-16
6.598085562228692652e+03 4.059605845155080460e-16
6.600061017477588393e+03 2.842491467511369950e-16
6.602036439098012124e+03 3.236762489635580584e-16
6.604011827074020403e+03 2.679177227964970580e-16
6.605987181389671605e+03 3.173039868166715466e-16
6.607962502029022289e+03 1.257513572336446646e-16
6.609937788976130832e+03 1.640006629859551613e-16
6.611913042215053792e+03 1.995077081064930078e-16
6.613888261729850456e+03 9.761584159067932532e-17
6.615863447504578289e+03 2.481182173766654453e-16
6.617838599523292942e+03 2.614522891764956965e-16
6.619813717770055518e+03 1.274014166452467272e-16
6.621788802228920758e+03 3.093848475155487691e-16
6.623763852883947038e+03 3.101768272495926940e-16
6.625738869719192735e+03 1.053855369554412683e-16
6.627713852718714406e+03 2.393020406966274271e-16
6.629688801866571339e+03 2.585203667682626241e-16
6.631663717146820090e+03 3.354132566854649425e-16
6.633638598543518128e+03 4.920080295947580523e-16
6.635613446040723829e+03 6.285237414600577558e-17
6.637588259622494661e+03 2.546186484334066309e-17
6.639563039272889000e+03 1.479331708820835970e-16
6.641537784975962495e+03 3.493415101090425636e-16
6.643512496715773523e+03 2.369763829253263553e-16
6.645487174476381369e+03 2.641670681311362497e-16
6.647461818241842593e+03 1.089866533860556026e-16
6.649436427996214661e+03 3.414754181300874288e-17
6.651411003723555041e+03 2.369132337183723945e-16
6.653385545407922109e+03 2.777016742563265269e-16
6.655360053033373333e+03 1.860608745808908724e-16
6.657334526583967090e+03 1.143522992497848279e-16
6.659308966043758119e+03 1.997658516130919399e-16
6.661283371396808434e+03 9.858280608910948050e-17
6.663257742627172775e+03 5.701654534336415175e-18
6.665232079718908608e+03 2.715401366988112159e-16
6.667206382656075220e+03 2.122242557557752390e-16
6.669180651422730080e+03 8.739693262640197869e-17
6.671154886002928833e+03 1.194254842022275051e-16
6.673129086380731678e+03 2.421845010926215601e-16
6.675103252540195172e+03 3.221468092890198818e-16
6.677077384465377691e+03 1.602027931818625090e-16
6.679051482140335793e+03 1.420342015980895538e-16
6.681025545549126946e+03 9.392831770320039983e-17
6.682999574675810436e+03 3.408957627588843303e-16
6.684973569504442821e+03 9.107089888806779605e-17
6.686947530019080659e+03 1.100907280931598208e-16
6.688921456203785056e+03 2.803883310989760420e-16
6.690895348042609839e+03 2.265779068138706832e-16
6.692869205519615207e+03 1.090603056107286536e-16
6.694843028618857716e+03 3.131796273333552645e-16
6.696816817324396652e+03 2.996924796380661712e-16
6.698790571620286755e+03 2.291826525893619408e-16
6.700764291490588221e+03 3.007892605206239772e-16
6.702737976919357607e+03 1.814280210530115545e-16
6.704711627890652380e+03 2.004761721361793764e-16
6.706685244388530919e+03 3.429429904661497037e-16
6.708658826397049779e+03 2.312336900164689886e-16
6.710632373900268249e+03 4.419485311630971904e-16
6.712605886882242885e+03 3.361433697145475357e-16
6.714579365327032065e+03 2.707100549423121353e-16
6.716552809218692346e+03 3.014769758727516007e-16
6.718526218541283015e+03 5.266425547799473963e-16
6.720499593278860630e+03 1.089638998051225999e-16
6.722472933415481748e+03 4.407849769846734846e-16
6.724446238935206566e+03 2.715620692047366415e-16
6.726419509822091641e+03 5.128896317110660807e-17
6.728392746060193531e+03 2.350260456327082725e-16
6.730365947633571523e+03 5.486678995898101110e-17
6.732339114526283083e+03 5.174744985897984073e-17
6.734312246722384771e+03 3.249084244356147169e-16
6.736285344205934962e+03 2.237893017776071451e-16
6.738258406960992033e+03 2.705103700818001073e-16
6.740231434971612543e+03 1.764104077714191233e-16
6.742204428221853959e+03 2.713330491202826872e-16
6.744177386695775567e+03 3.353833108888638006e-16
6.746150310377433016e+03 1.201280580704760505e-16
6.748123199250885591e+03 1.523456755181128628e-16
6.750096053300189851e+03 1.237744201290242956e-16
6.752068872509404173e+03 4.581233086024390644e-16
6.754041656862586024e+03 2.917713448255895695e-16
6.756014406343793780e+03 1.295232494860526720e-16
6.757987120937083091e+03 2.594210489654514633e-16
6.759959800626514152e+03 1.389351716246520602e-16
6.761932445396142612e+03 2.143045492711035387e-16
6.763905055230026846e+03 2.979780812153970233e-16
6.765877630112225233e+03 4.182453996586070150e-16
6.767850170026793421e+03 1.175968064468214970e-16
6.769822674957792515e+03 1.896515068913681588e-16
6.771795144889276344e+03 2.333676238886882232e-16
6.773767579805306013e+03 3.116986373124513423e-16
6.775739979689936263e+03 1.411990564709754990e-16
6.777712344527226378e+03 3.306903697997395121e-16
6.779684674301233827e+03 2.470424559991914555e-16
6.781656968996016076e+03 1.549126928233824299e-16
6.783629228595631503e+03 1.804381503382152061e-16
6.785601453084136665e+03 2.904897375333166636e-16
6.787573642445589030e+03 2.587802405086351697e-16
6.789545796664047884e+03 1.817540186985294008e-16
6.791517915723568876e+03 4.043983137302226969e-16
6.793489999608211292e+03 2.195866479287300476e-16
6.795462048302033509e+03 2.710335836621501658e-16
6.797434061789090265e+03 1.729188212980891804e-16
6.799406040053441757e+03 1.831074629879626774e-16
6.801377983079144542e+03 2.640733242844628900e-16
6.803349890850256998e+03 2.040150849862032492e-16
6.805321763350835681e+03 2.074651915620767513e-16
6.807293600564938970e+03 1.980768017923570975e-16
6.809265402476625241e+03 7.939091832856952714e-17
6.811237169069950141e+03 1.474637165598774372e-16
6.813208900328973868e+03 3.404856522975897111e-16
6.815180596237752070e+03 1.252771634295022366e-16
6.817152256780344032e+03 8.230287310686332518e-17
6.819123881940806314e+03 2.871492541126829704e-16
6.821095471703196381e+03 4.650755761959433692e-16
6.823067026051572611e+03 2.622740851142890577e-16
6.825038544969992472e+03 1.902603802425318734e-16
6.827010028442513430e+03 1.059238929255377454e-16
6.828981476453192954e+03 8.852090015732772436e-17
6.830952888986090329e+03 1.072219487083665237e-16
6.832924266025260295e+03 4.587546349368011613e-16
6.834895607554763956e+03 2.299173690265734769e-16
6.836866913558656051e+03 3.197741047668258982e-16
6.838838184020995868e+03 1.768634659344460193e-16
6.840809418925840873e+03 2.785717620287437019e-16
6.842780618257247625e+03 3.198393053866197569e-16
6.844751781999275408e+03 4.272830895846505328e-16
6.846722910135980783e+03 2.502202981098966140e-16
6.848694002651422124e+03 2.420886440390165998e-16
6.850665059529656901e+03 2.582673740508438735e-16
6.852636080754742579e+03 1.191883421724523528e-16
6.854607066310736627e+03 3.434510614915587701e-16
6.856578016181696512e+03 4.647117500589096597e-16
6.858548930351680610e+03 2.589425071149355600e-16
6.860519808804747299e+03 2.798994491176852310e-16
6.862490651524952227e+03 2.573131073848025600e-16
6.864461458496354680e+03 1.179319886568689671e-16
6.866432229703011217e+03 1.588774023712520868e-16
6.868402965128980213e+03 1.298810694095259589e-16
6.870373664758319137e+03 1.652210399884371340e-16
6.872344328575086365e+03 1.759063270386427887e-16
6.874314956563338455e+03 1.523953077468090903e-16
6.876285548707133785e+03 7.626423312347156501e-17
6.878256104990528911e+03 3.354294382119522545e-16
6.880226625397583121e+03 1.841137681449135954e-16
6.882197109912353881e+03 1.385314627922966438e-16
6.884167558518897749e+03 1.017699573124748036e-16
6.886137971201273103e+03 -1.086024866014653659e-16
6.888108347943536501e+03 2.096211331530596447e-16
6.890078688729748137e+03 2.118747616049549260e-16
6.892048993543963661e+03 1.686193098220948488e-16
6.894019262370240540e+03 2.446532648442353668e-16
6.895989495192637150e+03 3.778205034949913467e-16
6.897959691995210960e+03 3.376914898289357086e-16
6.899929852762021255e+03 2.157160347972621870e-16
6.901899977477122775e+03 5.819994118391305420e-17
6.903870066124574805e+03 2.637671237475333501e-16
6.905840118688434814e+03 2.585985959667096041e-16
6.907810135152762086e+03 1.764224607830833038e-16
6.909780115501611363e+03 2.344366621800124071e-16
6.911750059719041019e+03 2.463380966405384328e-16
6.913719967789110342e+03 1.380281571910939843e-16
6.915689839695875889e+03 2.168766871707837818e-16
6.917659675423396038e+03 2.030261793159857252e-16
6.919629474955726437e+03 2.861162807023722487e-16
6.921599238276927281e+03 1.491040079947264404e-16
6.923568965371055128e+03 3.396870441442656235e-16
6.925538656222168356e+03 1.793712640881435143e-16
6.927508310814322613e+03 9.631201286998477593e-17
6.929477929131577184e+03 2.961339626359891365e-16
6.931447511157990448e+03 2.836030483499615419e-16
6.933417056877618052e+03 3.596819869129553486e-16
6.935386566274519282e+03 7.914570610542028329e-17
6.937356039332750697e+03 2.525060595905539789e-16
6.939325476036370674e+03 2.369616705445668091e-16
6.941294876369437588e+03 2.105019100705213004e-16
6.943264240316007090e+03 1.689895499245533360e-16
6.945233567860139374e+03 2.407784382202494569e-16
6.947202858985889179e+03 2.714385364989791905e-16
6.949172113677316702e+03 3.104277985706744621e-16
6.951141331918478500e+03 2.985024642497821058e-16
6.953110513693432040e+03 1.393852479813373364e-16
6.955079658986234790e+03 6.145582076554407998e-17
6.957048767780946946e+03 3.558322836273994671e-16
6.959017840061622337e+03 2.948708953191709861e-16
6.960986875812321159e+03 2.715870198697405121e-16
6.962955875017099970e+03 2.759024785021410907e-16
6.964924837660018056e+03 2.761276289102604409e-16
6.966893763725131066e+03 1.754767184912083797e-16
6.968862653196497376e+03 2.443821631679660430e-16
6.970831506058175364e+03 2.760987913221344376e-16
6.972800322294221587e+03 1.063316130570496414e-16
6.974769101888694422e+03 3.244204030600109569e-16
6.976737844825651337e+03 2.383402104874488435e-16
6.978706551089149798e+03 2.341046924027736240e-16
6.980675220663248183e+03 3.150760940168840169e-16
6.982643853532003959e+03 3.867877198090296295e-16
6.984612449679474594e+03 1.285449652875490027e-16
6.986581009089716645e+03 1.773318967137524112e-16
6.988549531746789398e+03 1.994009195815239112e-16
