# Wavelength Flux
3.250485578588953103e+03 9.626138159503519542e-16
3.252494997879693074e+03 1.388071705935539908e-15
3.254504410277249008e+03 1.865423949756448885e-16
3.256513815765678373e+03 4.969405876836147098e-16
3.258523214329039547e+03 -1.230776900888089766e-15
3.260532605951389087e+03 6.978186152793621918e-16
3.262541990616785370e+03 1.385054163501310745e-15
3.264551368309285408e+03 1.150072930776069166e-15
3.266560739012948034e+03 -1.811078349043447173e-17
3.268570102711829804e+03 2.047137275060719085e-16
3.270579459389989097e+03 5.467473367634010764e-16
3.272588809031483379e+03 4.438629167198567430e-16
3.274598151620370118e+03 7.297630691959626821e-16
3.276607487140706780e+03 -7.359194402261610349e-16
3.278616815576551744e+03 8.710274215273490447e-16
3.280626136911962476e+03 -1.532233459117179469e-16
3.282635451130995989e+03 2.267277866519205315e-16
3.284644758217710660e+03 6.856273900210638059e-16
3.286654058156163956e+03 1.801619023281908827e-16
3.288663350930413799e+03 1.805477866785173783e-16
3.290672636524517202e+03 9.266749901528937837e-17
3.292681914922532542e+03 7.867685557661708269e-16
3.294691186108516831e+03 7.968706890526245399e-16
3.296700450066528447e+03 5.121571356145600637e-16
3.298709706780624401e+03 1.323979513482696413e-15
3.300718956234862617e+03 1.242724924438094286e-15
3.302728198413301016e+03 -7.446095708657112049e-18
3.304737433299996610e+03 6.257742264747270840e-17
3.306746660879008232e+03 2.805633996539311548e-16
3.308755881134391984e+03 6.443692027790043270e-16
3.310765094050207153e+03 5.420397075081453651e-16
3.312774299610509843e+03 7.008982050497584249e-16
3.314783497799359338e+03 8.322767532714965778e-16
3.316792688600811744e+03 8.722581062422174371e-16
3.318801871998925890e+03 5.122365733304033489e-16
3.320811047977758790e+03 7.574644440343027829e-16
3.322820216521368820e+03 9.610593329634656455e-16
3.324829377613812539e+03 6.007245671092018507e-16
3.326838531239148779e+03 4.588806817058331662e-16
3.328847677381434096e+03 9.647015681409534208e-16
3.330856816024727323e+03 6.067321407541798281e-16
3.332865947153085017e+03 5.524635641525039087e-16
3.334875070750566010e+03 4.990683215484589647e-16
3.336884186801226861e+03 1.000244810816708070e-15
3.338893295289125490e+03 1.896421193098618559e-16
3.340902396198320275e+03 4.346826178586776169e-16
3.342911489512868229e+03 6.993958856162793759e-16
3.344920575216827274e+03 5.526501079930506850e-16
3.346929653294254877e+03 1.291143672926840647e-15
3.348938723729208959e+03 3.053386902276163349e-16
3.350947786505746990e+03 8.625536221472225099e-16
3.352956841607926890e+03 5.118420858645468531e-16
3.354965889019806127e+03 7.756626775747693973e-16
3.356974928725442169e+03 9.085547628949034460e-16
3.358983960708892937e+03 4.951391920877150049e-16
3.360992984954215899e+03 1.155886592368775903e-15
3.363002001445469432e+03 7.922249657694530300e-16
3.365011010166710093e+03 1.312293478215277968e-15
3.367020011101996261e+03 9.405449880499332626e-16
3.369029004235385855e+03 4.869709597946042145e-16
3.371037989550935890e+03 1.044570256970859206e-15
3.373046967032704288e+03 9.079008356986060162e-16
3.375055936664748515e+03 8.807286212866393026e-16
3.377064898431126949e+03 9.961352839938995338e-16
3.379073852315896147e+03 1.317843566438348510e-15
3.381082798303114942e+03 1.033305358369996304e-15
3.383091736376840345e+03 1.756396090938333300e-15
3.385100666521129824e+03 1.452987799109351949e-15
3.387109588720041756e+03 1.764828056860684521e-15
3.389118502957633154e+03 1.495317841896469937e-15
3.391127409217962395e+03 1.836576736543691290e-15
3.393136307485086036e+03 2.418071768616637682e-15
3.395145197743062909e+03 2.428425494226947396e-15
3.397154079975950026e+03 2.514778587737451541e-15
3.399162954167805310e+03 2.888824903966470904e-15
3.401171820302686228e+03 2.873720933794080870e-15
3.403180678364650703e+03 2.587080633661174566e-15
3.405189528337756201e+03 3.165460134858169063e-15
3.407198370206060190e+03 3.202752439552619016e-15
3.409207203953621047e+03 3.044578673492528329e-15
3.411216029564495784e+03 2.754739305960657848e-15
3.413224847022742324e+03 2.511209490413572684e-15
3.415233656312418134e+03 2.575525201689337681e-15
3.417242457417581136e+03 2.177861316056204301e-15
3.419251250322288797e+03 1.489909130946940293e-15
3.421260035010599040e+03 2.002598773441191982e-15
3.423268811466569332e+03 2.314269278695495989e-15
3.425277579674257595e+03 1.630859735354407680e-15
3.427286339617721296e+03 1.494517831880237614e-15
3.429295091281017903e+03 1.898869266038270880e-15
3.431303834648205338e+03 2.086809317889941249e-15
3.433312569703341069e+03 1.220122845077908963e-15
3.435321296430483017e+03 1.291141136239587731e-15
3.437330014813689104e+03 1.488553155046781546e-15
3.439338724837016343e+03 1.320874301022139814e-15
3.441347426484522657e+03 8.009716833764724579e-16
3.443356119740265967e+03 6.456271235735422939e-16
3.445364804588303741e+03 9.255838089875822733e-16
3.447373481012693446e+03 6.113536334196744561e-16
3.449382148997493005e+03 8.507098543729469888e-16
3.451390808526759884e+03 1.030637228293423505e-15
3.453399459584552460e+03 7.598182549068087132e-16
3.455408102154927292e+03 1.070358495089856559e-15
3.457416736221942756e+03 1.079691351514794920e-15
3.459425361769656320e+03 1.200520019530439251e-15
3.461433978782125905e+03 1.261439966350322054e-15
3.463442587243408980e+03 1.083854891611160596e-15
3.465451187137563011e+03 1.037887499821463270e-15
3.467459778448645920e+03 1.439412590588977141e-15
3.469468361160715176e+03 9.437674355743712211e-16
3.471476935257829155e+03 9.009792257920605651e-16
3.473485500724044414e+03 9.881232764862575034e-16
3.475494057543419331e+03 1.252319855630436170e-15
3.477502605700011372e+03 1.440764844202989650e-15
3.479511145177878461e+03 1.390403605212364919e-15
3.481519675961078065e+03 1.181384322173247197e-15
3.483528198033667650e+03 8.993105807980332943e-16
3.485536711379705139e+03 9.060102077094160114e-16
3.487545215983247999e+03 1.021433136901329062e-15
3.489553711828354608e+03 1.004198100613675975e-15
3.491562198899081523e+03 9.698637525792811728e-16
3.493570677179487120e+03 1.158085444551630869e-15
3.495579146653628868e+03 6.583462171589097870e-16
3.497587607305564234e+03 5.001602585647255431e-16
3.499596059119351594e+03 5.392821619697475826e-16
3.501604502079047961e+03 6.828228614503527210e-16
3.503612936168711258e+03 3.992165886298598659e-16
3.505621361372398951e+03 6.545768418078815994e-16
3.507629777674168963e+03 7.001085944434041088e-16
3.509638185058078761e+03 6.451235326409647834e-16
3.511646583508186268e+03 8.368792535281996663e-16
3.513654973008548950e+03 5.957316703828299710e-16
3.515663353543224275e+03 9.063110155215227913e-16
3.517671725096270620e+03 9.921141985597369025e-16
3.519680087651744543e+03 8.147972886052454458e-16
3.521688441193704875e+03 7.204942493946120908e-16
3.523696785706208630e+03 6.529326117175980557e-16
3.525705121173313728e+03 7.512127570602753527e-16
3.527713447579077638e+03 5.514336474943398273e-16
3.529721764907558281e+03 6.685578231428328501e-16
3.531730073142812671e+03 5.517982620776314766e-16
3.533738372268899184e+03 6.039145484259875663e-16
3.535746662269875742e+03 3.677844756219142871e-16
3.537754943129798903e+03 4.898997926468172409e-16
3.539763214832727044e+03 8.227235755733098227e-16
3.541771477362718088e+03 4.229990681475948900e-16
3.543779730703829046e+03 9.033075673363243030e-16
3.545787974840118295e+03 4.517376733902831199e-16
3.547796209755642849e+03 8.635080384208878828e-16
3.549804435434461084e+03 3.942130321331016769e-16
3.551812651860630012e+03 8.992734085029939387e-16
3.553820859018207102e+03 7.626503553162866928e-16
3.555829056891250730e+03 4.594642571474848808e-16
3.557837245463818817e+03 9.613985119940720203e-16
3.559845424719967923e+03 2.108881217163584490e-16
3.561853594643756423e+03 5.700932166894047669e-16
3.563861755219241786e+03 5.962918913138556543e-16
3.565869906430481933e+03 8.107611728139364370e-16
3.567878048261534332e+03 5.005914833194223080e-16
3.569886180696456904e+03 8.331038301033521867e-16
3.571894303719306663e+03 6.305485533430180060e-16
3.573902417314141985e+03 1.844303514486528830e-16
3.575910521465019883e+03 4.131685010887906437e-16
3.577918616155999189e+03 4.811332001464344810e-16
3.579926701371136005e+03 4.980800098777271493e-16
3.581934777094489164e+03 4.589066374110728049e-16
3.583942843310115677e+03 3.060811100613843073e-16
3.585950900002073922e+03 6.909214610762316197e-16
3.587958947154420912e+03 4.308103047783103025e-16
3.589966984751214568e+03 4.789060113376207077e-16
3.591975012776512358e+03 4.300497997089491707e-16
3.593983031214372659e+03 6.675748481583086987e-16
3.595991040048852028e+03 3.892604498835839568e-16
3.597999039264008843e+03 4.688906511990119693e-16
3.600007028843901026e+03 5.413572273460854387e-16
3.602015008772585134e+03 3.056122175974522723e-16
3.604022979034119999e+03 6.756456567744913670e-16
3.606030939612563088e+03 5.436131426697988569e-16
3.608038890491971870e+03 7.282303424440522489e-16
3.610046831656403356e+03 4.652263300198871228e-16
3.612054763089916378e+03 3.397594434345637359e-16
3.614062684776567949e+03 2.164531620499255863e-16
3.616070596700415990e+03 7.623914079616300543e-16
3.618078498845517515e+03 6.336550022461680672e-16
3.620086391195931355e+03 3.617295271585419015e-16
3.622094273735714069e+03 4.504962230189995900e-16
3.624102146448924032e+03 6.526796279142926443e-16
3.626110009319618712e+03 3.671976604087313750e-16
3.628117862331855576e+03 3.485037544053128257e-16
3.630125705469692548e+03 3.709070349199058553e-16
3.632133538717187093e+03 4.933192228207120314e-16
3.634141362058397135e+03 4.814338644618209562e-16
3.636149175477380595e+03 2.171932488835047901e-16
3.638156978958194031e+03 7.325186074526931685e-16
3.640164772484896275e+03 6.638927892404836522e-16
3.642172556041544340e+03 4.701994817710691761e-16
3.644180329612196147e+03 5.018799612025575003e-16
3.646188093180909618e+03 4.849419699023432478e-16
3.648195846731741767e+03 8.875531706311956316e-16
3.650203590248750970e+03 5.955565491299569142e-16
3.652211323715994240e+03 5.621508617742279657e-16
3.654219047117529954e+03 5.161999391644187064e-16
3.656226760437415123e+03 6.341886351942137150e-16
3.658234463659707671e+03 5.984976260335026426e-16
3.660242156768465065e+03 2.247271203513545857e-16
3.662249839747745682e+03 5.848620220971220625e-16
3.664257512581606534e+03 4.876980523772513423e-16
3.666265175254105088e+03 5.695921876342454426e-16
3.668272827749299722e+03 5.697293843071681216e-16
3.670280470051247903e+03 7.425142850306999296e-16
3.672288102144006643e+03 5.788556030846877343e-16
3.674295724011634775e+03 4.497512259935300168e-16
3.676303335638188855e+03 9.911767972919776260e-16
3.678310937007727262e+03 6.610450878236364581e-16
3.680318528104307006e+03 1.537894139341377242e-16
3.682326108911986921e+03 7.252933129219871322e-16
3.684333679414823109e+03 5.289022961650255366e-16
3.686341239596874402e+03 3.138624376662988711e-16
3.688348789442198267e+03 6.186827748346429415e-16
3.690356328934852172e+03 5.354543297629142279e-16
3.692363858058893584e+03 6.774060784455571915e-16
3.694371376798380879e+03 2.938096454197357304e-16
3.696378885137371071e+03 9.870591723376158035e-16
3.698386383059921627e+03 5.485842504658572282e-16
3.700393870550090924e+03 6.116796152952733801e-16
3.702401347591936428e+03 2.939070869808170220e-17
3.704408814169515608e+03 4.758739053299390687e-16
3.706416270266886386e+03 7.058526460194189535e-16
3.708423715868106228e+03 3.087264521448400660e-16
3.710431150957233058e+03 4.999503359383269799e-16
3.712438575518323887e+03 5.356160063084068113e-16
3.714445989535437093e+03 5.026419039544059610e-16
3.716453392992630143e+03 4.976344310770846017e-16
3.718460785873960504e+03 2.936658512309904784e-16
3.720468168163486098e+03 6.066875502520686209e-16
3.722475539845264393e+03 4.235507399219050033e-16
3.724482900903353311e+03 5.089659838612858883e-16
3.726490251321810319e+03 4.754167444321081424e-16
3.728497591084693340e+03 4.318857715946946709e-16
3.730504920176059386e+03 6.124921399821277925e-16
3.732512238579966834e+03 2.384134008473336341e-16
3.734519546280473151e+03 5.611824488344440421e-16
3.736526843261635804e+03 6.301163188849467311e-16
3.738534129507512716e+03 4.346590099973642456e-16
3.740541405002161355e+03 4.745030837645134197e-16
3.742548669729639641e+03 1.043561593462630446e-15
3.744555923674005044e+03 3.346027792061181393e-16
3.746563166819315484e+03 7.810738885286813053e-16
3.748570399149627974e+03 9.790433386435970801e-16
3.750577620649000892e+03 6.256092577549765673e-16
3.752584831301491704e+03 3.247503145534015781e-16
3.754592031091157878e+03 6.900625744829284439e-16
3.756599220002057336e+03 7.872785952733601257e-16
3.758606398018247546e+03 2.205343123402537623e-17
3.760613565123786429e+03 5.204199100509962094e-16
3.762620721302730999e+03 5.529240808445361190e-16
3.764627866539140086e+03 4.574950573135786997e-16
3.766635000817070249e+03 4.772589059551563227e-16
3.768642124120579865e+03 5.529077573816556340e-16
3.770649236433726401e+03 6.544256455668511509e-16
3.772656337740567324e+03 3.724836618238701988e-16
3.774663428025160101e+03 5.838977242392430508e-16
3.776670507271563110e+03 2.843398521776706734e-16
3.778677575463833819e+03 6.118104680153258422e-16
3.780684632586029238e+03 3.376245336217591462e-16
3.782691678622208201e+03 6.690706972805590280e-16
3.784698713556426810e+03 6.608318161544879757e-16
3.786705737372744352e+03 6.666229005467195017e-16
3.788712750055217839e+03 3.916723439000538026e-16
3.790719751587904284e+03 3.697632630966760196e-16
3.792726741954862518e+03 6.547409542708050735e-16
3.794733721140149100e+03 6.757841867166283277e-16
3.796740689127822861e+03 -6.962573930964246709e-18
3.798747645901940359e+03 1.972507035276746625e-16
3.800754591446559971e+03 4.635430175110461073e-16
3.802761525745739164e+03 4.824541136707270019e-16
3.804768448783535405e+03 5.448178185570867717e-16
3.806775360544006617e+03 6.405188665533816159e-16
3.808782261011210721e+03 3.536070665736189715e-16
3.810789150169204731e+03 4.373393731931761572e-16
3.812796028002047024e+03 5.076522590340613800e-16
3.814802894493794611e+03 3.425841383840660941e-16
3.816809749628505415e+03 5.467558602158118233e-16
3.818816593390236903e+03 7.022888340708693032e-16
3.820823425763047453e+03 3.790809539554731846e-16
3.822830246730994077e+03 5.728689162753412455e-16
3.824837056278134696e+03 5.144079708762180617e-16
3.826843854388526779e+03 3.256740896333858458e-18
3.828850641046228247e+03 7.897440118960626428e-16
3.830857416235296569e+03 7.484310710981900490e-16
3.832864179939789210e+03 3.121181807473327662e-16
3.834870932143764549e+03 5.656650379546029734e-16
3.836877672831279597e+03 4.851863510285703604e-16
3.838884401986392731e+03 6.043213849950112176e-16
3.840891119593160511e+03 3.029578143699435944e-16
3.842897825635641311e+03 7.471987290778757619e-16
3.844904520097893055e+03 7.683250451638485871e-16
3.846911202963973210e+03 8.185861693787964471e-16
3.848917874217939243e+03 3.994714012198701529e-16
3.850924533843848621e+03 5.365421122336150354e-16
3.852931181825759268e+03 5.093156847627326774e-16
3.854937818147729104e+03 4.959626220495515465e-16
3.856944442793815142e+03 4.588410223608540974e-16
3.858951055748076215e+03 4.894738315977117870e-16
3.860957656994568424e+03 4.679259936743882979e-16
3.862964246517351057e+03 5.925733345948695110e-16
3.864970824300480672e+03 2.201209558606060700e-16
3.866977390328015190e+03 6.305454226926842030e-16
3.868983944584012534e+03 2.099763801167960568e-16
3.870990487052529716e+03 1.609049938543678258e-16
3.872997017717625567e+03 7.490465546805615665e-16
3.875003536563356647e+03 3.450157871983643923e-16
3.877010043573780877e+03 6.190291376496828861e-16
3.879016538732956633e+03 5.404013704415191526e-16
3.881023022024940474e+03 7.729714951856731486e-16
3.883029493433791231e+03 3.101089854385144746e-16
3.885035952943565462e+03 8.468470020222467970e-16
3.887042400538321999e+03 6.431098856495961235e-16
3.889048836202116945e+03 4.700994448155649002e-16
3.891055259919009586e+03 5.329097752357432489e-16
3.893061671673056935e+03 4.221740644509805903e-16
3.895068071448316459e+03 5.182839505889550631e-16
3.897074459228845626e+03 6.678135284068026656e-16
3.899080834998703267e+03 4.665320878649662303e-16
3.901087198741945940e+03 8.708834174661286192e-16
3.903093550442631113e+03 9.684410173708368743e-16
3.905099890084817616e+03 6.871198177962213564e-16
3.907106217652562009e+03 2.914499818018224877e-16
3.909112533129922667e+03 9.162325206100526045e-16
3.911118836500957059e+03 6.990807209029802656e-16
3.913125127749723106e+03 5.892500640707920113e-16
3.915131406860277821e+03 3.787342894502555158e-16
3.917137673816679126e+03 4.449565252381196077e-16
3.919143928602984943e+03 7.008083921150421260e-16
3.921150171203253194e+03 7.573752418223931948e-16
3.923156401601540438e+03 4.677371439934585536e-16
3.925162619781905505e+03 7.233640174581494011e-16
3.927168825728405864e+03 6.234544280243184668e-16
3.929175019425098071e+03 9.304263534302130258e-16
3.931181200856041414e+03 3.255308960392072673e-16
3.933187370005292905e+03 3.861145190228889289e-16
3.935193526856909557e+03 7.933999145974696713e-16
3.937199671394949746e+03 7.668014977194403790e-16
3.939205803603471395e+03 3.261719166238844550e-16
3.941211923466531516e+03 4.996129740800032990e-16
3.943218030968188032e+03 5.250203518783663017e-16
3.945224126092498409e+03 3.304687383351693125e-16
3.947230208823521025e+03 2.729592147540566338e-16
3.949236279145312892e+03 5.924892119348420352e-16
3.951242337041931478e+03 4.280704243572301139e-16
3.953248382497435159e+03 1.386725946044211822e-16
3.955254415495881403e+03 6.284334155424853605e-16
3.957260436021327223e+03 6.594286785566305592e-16
3.959266444057830995e+03 4.250992980240698554e-16
3.961272439589450642e+03 2.336546154662737090e-16
3.963278422600242720e+03 4.844993837611638575e-16
3.965284393074266063e+03 3.853114190567599861e-16
3.967290350995577683e+03 5.371704521734942453e-16
3.969296296348235046e+03 2.172770469044848514e-16
3.971302229116296985e+03 7.150941524270813382e-16
3.973308149283819603e+03 4.029294499539615078e-16
3.975314056834861276e+03 4.426758593778978636e-16
3.977319951753480382e+03 6.336151725803949948e-16
3.979325834023733478e+03 4.530692486839590511e-16
3.981331703629678941e+03 3.607727750193503008e-16
3.983337560555373784e+03 6.034405825135527227e-16
3.985343404784876384e+03 3.750401714316895019e-16
3.987349236302244208e+03 3.792990892328399055e-16
3.989355055091534723e+03 4.967447229091933922e-16
3.991360861136805852e+03 3.455409068704484940e-16
3.993366654422115062e+03 5.417848091467709259e-16
3.995372434931519820e+03 7.672787040974024629e-16
3.997378202649078048e+03 6.203396089597310074e-16
3.999383957558847669e+03 7.461741847837462960e-16
4.001389699644885695e+03 3.962044313321491149e-16
4.003395428891250504e+03 2.196355501770215881e-16
4.005401145281999561e+03 4.803973328688699427e-16
4.007406848801190336e+03 2.963687781424870198e-16
4.009412539432880749e+03 7.338544741204830673e-16
4.011418217161127814e+03 4.832974403723315513e-16
4.013423881969989907e+03 7.657863044896936112e-16
4.015429533843524950e+03 7.710459791665086086e-16
4.017435172765789503e+03 6.424939905389985664e-16
4.019440798720842395e+03 3.503719316524279334e-16
4.021446411692740639e+03 5.660875709067452597e-16
4.023452011665542159e+03 6.104458573220899216e-16
4.025457598623303966e+03 4.588561606887409733e-16
4.027463172550084892e+03 3.672453553819495883e-16
4.029468733429941494e+03 5.019769857133028951e-16
4.031474281246932605e+03 3.046409570392168605e-16
4.033479815985114783e+03 4.928189784303791751e-16
4.035485337628546404e+03 2.987054574508188670e-16
4.037490846161284480e+03 4.928464993741461081e-16
4.039496341567386935e+03 4.326849103174140764e-16
4.041501823830912144e+03 3.327258481224096205e-16
4.043507292935916666e+03 4.047195473568474132e-16
4.045512748866459333e+03 4.801261455553185138e-16
4.047518191606596702e+03 4.421798594146839873e-16
4.049523621140387149e+03 5.553338247908180444e-16
4.051529037451888144e+03 2.565765649345460880e-16
4.053534440525157152e+03 2.543085673957089855e-16
4.055539830344252550e+03 3.726078909844983500e-16
4.057545206893230898e+03 1.012163032967954369e-16
4.059550570156150570e+03 6.238607017018400184e-16
4.061555920117069491e+03 5.245826163275508042e-16
4.063561256760044671e+03 2.798324263106425582e-16
4.065566580069134034e+03 3.733686254592486306e-16
4.067571890028395501e+03 7.481947459004313459e-16
4.069577186621886540e+03 2.876133558834211106e-16
4.071582469833664618e+03 6.485118032191734570e-16
4.073587739647787203e+03 6.599229407459211806e-16
4.075592996048313125e+03 3.369525703506275834e-16
4.077598239019298944e+03 6.670164859238509623e-16
4.079603468544802581e+03 3.640616153664014835e-16
4.081608684608881958e+03 3.972501636572861307e-16
4.083613887195594543e+03 4.759942357051157239e-16
4.085619076288997803e+03 4.596749270254622342e-16
4.087624251873149660e+03 5.200023893302095947e-16
4.089629413932108037e+03 6.323703320072329060e-16
4.091634562449930399e+03 3.266065044741828253e-16
4.093639697410673762e+03 6.183818031876342473e-16
4.095644818798396955e+03 7.316219815923128605e-16
4.097649926597156991e+03 2.699331503112594225e-16
4.099655020791011339e+03 6.476548268215631551e-16
4.101660101364018374e+03 3.145966524694140241e-16
4.103665168300235564e+03 1.420596126317351423e-16
4.105670221583719467e+03 4.927150025351174842e-16
4.107675261198529370e+03 5.165755145353300858e-16
4.109680287128721830e+03 4.580080661328223788e-16
4.111685299358354314e+03 5.021045354559066650e-16
4.113690297871486109e+03 6.012330473664845553e-16
4.115695282652173773e+03 4.302018662563820114e-16
4.117700253684474774e+03 4.419514828893175415e-16
4.119705210952446578e+03 4.047962535989528825e-16
4.121710154440148472e+03 4.338468196571487443e-16
4.123715084131636104e+03 4.290658613148840010e-16
4.125720000010967851e+03 5.193128060504427830e-16
4.127724902062202091e+03 3.845005418127775974e-16
4.129729790269396290e+03 6.248574332094176124e-16
4.131734664616607006e+03 2.637154442432034363e-16
4.133739525087892616e+03 8.350921570689128903e-16
4.135744371667311498e+03 4.856870238160540383e-16
4.137749204338921118e+03 5.071197082937446426e-16
4.139754023086778034e+03 2.543028909488651513e-16
4.141758827894940623e+03 4.572627652676019857e-16
4.143763618747465443e+03 6.434356130829135411e-16
4.145768395628412691e+03 3.572176735746859084e-16
4.147773158521838923e+03 2.709290809728520761e-16
4.149777907411800697e+03 2.385546384560956250e-16
4.151782642282356392e+03 1.999759781757969544e-16
4.153787363117563473e+03 3.506246304423213308e-16
4.155792069901480318e+03 4.283113481827947660e-16
4.157796762618164394e+03 2.648279878946215281e-16
4.159801441251673168e+03 3.236319421688769567e-16
4.161806105786063199e+03 3.192623407702726383e-16
4.163810756205394682e+03 5.562194957297727445e-16
4.165815392493723266e+03 6.168091840238923163e-16
4.167820014635106418e+03 4.669308081169934847e-16
4.169824622613603424e+03 5.912130306883207241e-16
4.171829216413270842e+03 1.682606204894368502e-16
4.173833796018167050e+03 4.601868622832129988e-16
4.175838361412348604e+03 4.783727076290638826e-16
4.177842912579874792e+03 3.997893967120126538e-16
4.179847449504801261e+03 6.895513722623609597e-16
4.181851972171187299e+03 2.897185112725233338e-16
4.183856480563090372e+03 6.163642542908167520e-16
4.185860974664567038e+03 6.195386524670075210e-16
4.187865454459676585e+03 5.773011310754739187e-16
4.189869919932474659e+03 5.645293173804300347e-16
4.191874371067021457e+03 1.290951699867370288e-16
4.193878807847372627e+03 3.917668791583835519e-16
4.195883230257586547e+03 7.736034690663363337e-16
4.197887638281720683e+03 5.050667994324204214e-16
4.199892031903833413e+03 4.284823518982051160e-16
4.201896411107981294e+03 3.857445274561949542e-16
4.203900775878222703e+03 6.239597270864587371e-16
4.205905126198615108e+03 6.601957497200320176e-16
4.207909462053215975e+03 3.053183211817619597e-16
4.209913783426083683e+03 1.815644218468736856e-16
4.211918090301275697e+03 4.845291264548941621e-16
4.213922382662849486e+03 5.356869357406997569e-16
4.215926660494861608e+03 5.187817049793388549e-16
4.217930923781372258e+03 4.778509248481847990e-16
4.219935172506436174e+03 3.370155266182688850e-16
4.221939406654113554e+03 3.904397137788037692e-16
4.223943626208460955e+03 3.730072281042043711e-16
4.225947831153534935e+03 4.191841705595359618e-16
4.227952021473395689e+03 5.864405929990829212e-16
4.229956197152098866e+03 3.397479164312696151e-16
4.231960358173702843e+03 2.601417455674965800e-16
4.233964504522265997e+03 1.920914734226200741e-16
4.235968636181843976e+03 6.897850469144696863e-16
4.237972753136496976e+03 5.765777725408166494e-16
4.239976855370280646e+03 3.790578110139275958e-16
4.241980942867253361e+03 3.446026302577154722e-16
4.243985015611473500e+03 8.337738122825503351e-16
4.245989073586997620e+03 1.102685369072953563e-16
4.247993116777883188e+03 3.782648392093689635e-17
4.249997145168189491e+03 6.141356787641494483e-16
4.252001158741973086e+03 2.846466056164835271e-16
4.254005157483292351e+03 7.493776418930837403e-16
4.256009141376202933e+03 2.857497645424123589e-16
4.258013110404765030e+03 6.369101900530390579e-16
4.260017064553034288e+03 4.331604688485124434e-16
4.262021003805070904e+03 4.726120178738631071e-16
4.264024928144929618e+03 6.140261559456838327e-16
4.266028837556670624e+03 2.518406086563271603e-16
4.268032732024349571e+03 1.936103329605332925e-16
4.270036611532024835e+03 3.823952114679638812e-16
4.272040476063754795e+03 4.936135620666542478e-16
4.274044325603596008e+03 6.460543098605575239e-16
4.276048160135607759e+03 8.853086582954873644e-16
4.278051979643845698e+03 7.236531569581205563e-16
4.280055784112368201e+03 4.276233265585115955e-16
4.282059573525233645e+03 5.667826078864888279e-16
4.284063347866499498e+03 2.953171392815190527e-16
4.286067107120223227e+03 2.136280995321735632e-16
4.288070851270462299e+03 6.247849351307003154e-16
4.290074580301274182e+03 3.890381882238931194e-16
4.292078294196717252e+03 9.996458556952185205e-16
4.294081992940848068e+03 4.135568813756975684e-16
4.296085676517725005e+03 5.179841145376314030e-16
4.298089344911406442e+03 5.963190009938354435e-16
4.300092998105949846e+03 5.781025989993574450e-16
4.302096636085411774e+03 3.812316020942766008e-16
4.304100258833850603e+03 7.185651287647018514e-16
4.306103866335324710e+03 3.631306068436813199e-16
4.308107458573889744e+03 6.463321928377139099e-16
4.310111035533605900e+03 9.157776366970730090e-16
4.312114597198527917e+03 8.105206822254427599e-16
4.314118143552715992e+03 6.478575622099044731e-16
4.316121674580227591e+03 7.291539556019920861e-16
4.318125190265119272e+03 5.518976648403039657e-16
4.320128690591448503e+03 1.213410095537138065e-15
4.322132175543274570e+03 1.051809272559568227e-15
4.324135645104653122e+03 1.041211846964152696e-15
4.326139099259644354e+03 9.841481701656514833e-16
4.328142537992303005e+03 7.152449153888829509e-16
4.330145961286689271e+03 9.855555862735820015e-16
4.332149369126858801e+03 1.308010454533405188e-15
4.334152761496870880e+03 1.108258393435607651e-15
4.336156138380782068e+03 1.318025300453237765e-15
4.338159499762650739e+03 1.111472022286694106e-15
4.340162845626534363e+03 1.281859913093190568e-15
4.342166175956490406e+03 1.405218488408829156e-15
4.344169490736576336e+03 1.409675105782837711e-15
4.346172789950850529e+03 1.123393071838622702e-15
4.348176073583370453e+03 1.138161725960117702e-15
4.350179341618193575e+03 1.166546248824403860e-15
4.352182594039377364e+03 1.173696446392869780e-15
4.354185830830980194e+03 9.367769093885367282e-16
4.356189051977058625e+03 6.768533282246333651e-16
4.358192257461671034e+03 8.598239550862319778e-16
4.360195447268874887e+03 1.138545750124462241e-15
4.362198621382728561e+03 1.184438022515928813e-15
4.364201779787288615e+03 7.679702012781377776e-16
4.366204922466613425e+03 9.903026655965410069e-16
4.368208049404760459e+03 5.892286647602646340e-16
4.370211160585788093e+03 5.530801897682386529e-16
4.372214255993752886e+03 9.735409755162174229e-16
4.374217335612712304e+03 8.704475785485089662e-16
4.376220399426725635e+03 5.515801111732518814e-16
4.378223447419848526e+03 6.440633929218795955e-16
4.380226479576140264e+03 7.944521228547110438e-16
4.382229495879658316e+03 6.472551503423798083e-16
4.384232496314459240e+03 9.636422439359682450e-16
4.386235480864602323e+03 8.269427868163086245e-16
4.388238449514143213e+03 6.858650507522676635e-16
4.390241402247142105e+03 5.842587169621682289e-16
4.392244339047654648e+03 7.264812235296567525e-16
4.394247259899738310e+03 9.996309298914687779e-16
4.396250164787452377e+03 6.675006869942775184e-16
4.398253053694854316e+03 6.869784147416860786e-16
4.400255926605999775e+03 7.049749104886774385e-16
4.402258783504948951e+03 6.726003520437370118e-16
4.404261624375757492e+03 4.755280725829467620e-16
4.406264449202484684e+03 6.331204943160657113e-16
4.408267257969187995e+03 3.506225700378534871e-16
4.410270050659923982e+03 6.940769993451690054e-16
4.412272827258751022e+03 7.412846471535410062e-16
4.414275587749726583e+03 3.887286514685358233e-16
4.416278332116908132e+03 4.468134346045758092e-16
4.418281060344354046e+03 4.669038450057402962e-16
4.420283772416121792e+03 9.793941009521061801e-16
4.422286468316268838e+03 5.004663210218498860e-16
4.424289148028852651e+03 5.019170611286947046e-16
4.426291811537931608e+03 2.392416029703629254e-16
4.428294458827562266e+03 8.873142370273100512e-16
4.430297089881803004e+03 4.685628448604743155e-16
4.432299704684712196e+03 4.863513316041444714e-16
4.434302303220345493e+03 5.514843574573393332e-16
4.436304885472762180e+03 6.290624453587332776e-16
4.438307451426020634e+03 4.601437259782740392e-16
4.440310001064175594e+03 2.954677689924585236e-16
4.442312534371288166e+03 7.473952592572511126e-16
4.444315051331413997e+03 3.918813258183635909e-16
4.446317551928610555e+03 5.955339231660452408e-16
4.448320036146936218e+03 7.494706491916730740e-16
4.450322503970449361e+03 7.493598027266637477e-16
4.452324955383206543e+03 7.605103845040696112e-16
4.454327390369265231e+03 6.058302441109744483e-16
4.456329808912683802e+03 6.860548926135938818e-16
4.458332210997519724e+03 5.823922006341593469e-16
4.460334596607831372e+03 3.400818989712738070e-16
4.462336965727674396e+03 4.718739970487093250e-16
4.464339318341108992e+03 5.980188740432272980e-16
4.466341654432191717e+03 5.111869424206439338e-16
4.468343973984979129e+03 3.630097795602486464e-16
4.470346276983530515e+03 5.820704416242506306e-16
4.472348563411903342e+03 4.109578109169759355e-16
4.474350833254154168e+03 4.792332383151446738e-16
4.476353086494341369e+03 3.636354700737329113e-16
4.478355323116523323e+03 3.872914040167686701e-16
4.480357543104756587e+03 5.803503926010262428e-16
4.482359746443098629e+03 5.948047744086417127e-16
4.484361933115608736e+03 3.300932589769143213e-16
4.486364103106343464e+03 3.115825804745254285e-16
4.488366256399360282e+03 1.825360551477751187e-16
4.490368392978716656e+03 5.636812782810039369e-16
4.492370512828471874e+03 6.977260572255588603e-17
4.494372615932681583e+03 4.737697984922420085e-16
4.496374702275405070e+03 7.843266821216712561e-16
4.498376771840698893e+03 3.204565504742797568e-16
4.500378824612620519e+03 6.827255009078191321e-16
4.502380860575229235e+03 5.823794675904141154e-16
4.504382879712581598e+03 4.328996471955865718e-16
4.506384882008735076e+03 4.341472748805008965e-16
4.508386867447747136e+03 3.646080689897897288e-16
4.510388836013677064e+03 4.439640736929923515e-16
4.512390787690580510e+03 2.876364167021545904e-16
4.514392722462516758e+03 3.666481274617106084e-16
4.516394640313542368e+03 3.266208080507344875e-16
4.518396541227715716e+03 5.900277700040023372e-16
4.520398425189094269e+03 3.783492269719921896e-16
4.522400292181734585e+03 3.927827662445307677e-16
4.524402142189695951e+03 3.308612190144354876e-16
4.526403975197035834e+03 2.807347963406157150e-16
4.528405791187811701e+03 4.332355217815588173e-16
4.530407590146080111e+03 2.777114667302688360e-16
4.532409372055899439e+03 5.598826499404222212e-16
4.534411136901328064e+03 3.741002458405495468e-16
4.536412884666423452e+03 4.016490993455087734e-16
4.538414615335243070e+03 3.004713459627817433e-16
4.540416328891844387e+03 6.256033354544923894e-16
4.542418025320284869e+03 6.482578090530967352e-16
4.544419704604622893e+03 4.861075346680702816e-16
4.546421366728915018e+03 2.534719625002025366e-16
4.548423011677219620e+03 2.767051817041628955e-16
4.550424639433595075e+03 7.393077490812751242e-16
4.552426249982097943e+03 6.156845902714018157e-16
4.554427843306786599e+03 3.076322382975477654e-16
4.556429419391717602e+03 3.764812503788621621e-16
4.558430978220950237e+03 1.676167577540657123e-16
4.560432519778541064e+03 5.053024780474486565e-16
4.562434044048548458e+03 6.592323608545313416e-16
4.564435551015028977e+03 7.249792467335902104e-16
4.566437040662040999e+03 3.320120319652720889e-16
4.568438512973642901e+03 5.633435433744115415e-16
4.570439967933891239e+03 3.798974070301828869e-16
4.572441405526844392e+03 5.988398627809700769e-16
4.574442825736558916e+03 5.772315162932079206e-16
4.576444228547094099e+03 6.791127204499524634e-16
4.578445613942505588e+03 9.275745774226393372e-17
4.580446981906853580e+03 4.383738122057964610e-16
4.582448332424193723e+03 5.585674637706348122e-16
4.584449665478585302e+03 4.491873972881014920e-16
4.586450981054083968e+03 8.147487205231001840e-16
4.588452279134749006e+03 1.091137206011785529e-16
4.590453559704636973e+03 7.627190115839805120e-16
4.592454822747806247e+03 2.876158838296442639e-16
4.594456068248315205e+03 3.177477138256246472e-16
4.596457296190220404e+03 5.032382557712655475e-16
4.598458506557579312e+03 2.193107049468971174e-16
4.600459699334451216e+03 7.449693332256521197e-16
4.602460874504891763e+03 6.214502878524504487e-16
4.604462032052959330e+03 3.921032759864426594e-16
4.606463171962712295e+03 2.803677607995883458e-16
4.608464294218207215e+03 5.231954192085551197e-16
4.610465398803502467e+03 4.352121712487578688e-16
4.612466485702656428e+03 4.780368502142286374e-16
4.614467554899725656e+03 5.657236127513508955e-16
4.616468606378767618e+03 4.616103114794511042e-16
4.618469640123840691e+03 5.930537403171514294e-16
4.620470656119002342e+03 1.975897442648096592e-16
4.622471654348310039e+03 5.937299098918835585e-16
4.624472634795822160e+03 4.841142363230106723e-16
4.626473597445594351e+03 3.490455532920641577e-16
4.628474542281687718e+03 3.026916858257189384e-16
4.630475469288157001e+03 2.086510975161124326e-16
4.632476378449060576e+03 2.874349784345758006e-16
4.634477269748456820e+03 9.720408207583384611e-16
4.636478143170403200e+03 7.624023210496796196e-16
4.638478998698957184e+03 3.593497142474174408e-16
4.640479836318176240e+03 5.823557229845704738e-16
4.642480656012117834e+03 5.770553855084110872e-16
4.644481457764841252e+03 3.809145169775974608e-16
4.646482241560401235e+03 4.043757985282981789e-16
4.648483007382857977e+03 5.671089721667050319e-16
4.650483755216268037e+03 2.535845731935975553e-16
4.652484485044689791e+03 3.297366162240077506e-16
4.654485196852180707e+03 2.809433819506613929e-16
4.656485890622798252e+03 4.850396878709719440e-16
4.658486566340598984e+03 5.129550293209282831e-17
4.660487223989642189e+03 2.326214457491027667e-16
4.662487863553985335e+03 9.427298383556681220e-17
4.664488485017685889e+03 3.800179311013136112e-16
4.666489088364800409e+03 4.083405634136450849e-16
4.668489673579388182e+03 5.483925154561661781e-16
4.670490240645506674e+03 6.900793656962947632e-16
4.672490789547213353e+03 3.093247155188415130e-16
4.674491320268564778e+03 5.245270179308005003e-16
4.676491832793619324e+03 2.728963066318632392e-16
4.678492327106435368e+03 4.157590892795615778e-16
4.680492803191069470e+03 2.647896956368627572e-16
4.682493261031580914e+03 3.573500900853694546e-16
4.684493700612025350e+03 6.004211202681821372e-16
4.686494121916462063e+03 2.795992276142029875e-16
4.688494524928947612e+03 6.977872281452062292e-16
4.690494909633540374e+03 5.354749264200999100e-16
4.692495276014298724e+03 4.905599782745318700e-16
4.694495624055278313e+03 5.937855691703374731e-16
4.696495953740537516e+03 2.556781589474437805e-16
4.698496265054134710e+03 2.151786820903954070e-16
4.700496557980127363e+03 6.237373397910268415e-16
4.702496832502572943e+03 5.756700960520429750e-16
4.704497088605529825e+03 4.528847810733930765e-16
4.706497326273054568e+03 3.655965287628489649e-16
4.708497545489204640e+03 4.812038109511541605e-16
4.710497746238039326e+03 3.705543574554011380e-16
4.712497928503615185e+03 1.843573927736711106e-17
4.714498092269989684e+03 6.319332541067098865e-16
4.716498237521221199e+03 1.075798757946690786e-16
4.718498364241366289e+03 4.353450887000665944e-16
4.720498472414484240e+03 4.646597054651163290e-16
4.722498562024632520e+03 5.479225849564329527e-16
4.724498633055866776e+03 2.986643144351709255e-16
4.726498685492246295e+03 1.600550001953265893e-16
4.728498719317829455e+03 2.490852401947196055e-16
4.730498734516671902e+03 3.050348633829084692e-16
4.732498731072832925e+03 2.138800498609104388e-16
4.734498708970369989e+03 5.892543197756699198e-16
4.736498668193339654e+03 4.883949771321099100e-16
4.738498608725800295e+03 1.211261738554411766e-16
4.740498530551810290e+03 6.751055335247971272e-16
4.742498433655426197e+03 3.760086801882710831e-16
4.744498318020706392e+03 3.726779468391683089e-16
4.746498183631708343e+03 2.854862791214119943e-16
4.748498030472489518e+03 6.691308534858997549e-16
4.750497858527107383e+03 3.774934473666566887e-16
4.752497667779621224e+03 1.735132592261998181e-16
4.754497458214085782e+03 8.963905456690622773e-17
4.756497229814562161e+03 5.106530151635820178e-16
4.758496982565105100e+03 4.517735006520177992e-16
4.760496716449773885e+03 4.692602322427810692e-16
4.762496431452625075e+03 2.889561152441726401e-16
4.764496127557717045e+03 6.547520829072256377e-16
4.766495804749108174e+03 2.705574509277681365e-17
4.768495463010855019e+03 1.973313878441940304e-16
4.770495102327015047e+03 3.573702008485111063e-16
4.772494722681647545e+03 4.156237549427913154e-16
4.774494324058809070e+03 3.038021811261318557e-16
4.776493906442556181e+03 6.050701244324381124e-16
4.778493469816949073e+03 4.548088640149682177e-16
4.780493014166043395e+03 7.122714919336689295e-17
4.782492539473897523e+03 -1.818951099863178489e-17
4.784492045724568925e+03 2.142145660454373727e-16
4.786491532902115068e+03 1.957604479532018406e-16
4.788491000990595239e+03 4.400047936106195444e-16
4.790490449974065086e+03 1.505130177195952874e-16
4.792489879836582986e+03 7.785543553384981480e-17
4.794489290562206406e+03 6.098643612978563626e-16
4.796488682134993724e+03 4.824027237336197096e-16
4.798488054539002405e+03 5.390809972791194329e-16
4.800487407758289010e+03 4.952183226456167170e-16
4.802486741776912822e+03 4.390174317484228811e-16
4.804486056578930402e+03 5.354164381720360104e-16
4.806485352148400125e+03 3.361693392135380880e-16
4.808484628469378549e+03 4.319267933070381196e-16
4.810483885525924052e+03 7.386458594915351064e-16
4.812483123302095009e+03 4.010800139715731791e-16
4.814482341781947980e+03 4.077231615543356047e-16
4.816481540949541341e+03 6.403585339691979044e-16
4.818480720788932558e+03 5.063716425446440865e-16
4.820479881284179100e+03 5.143055950930070690e-16
4.822479022419339344e+03 6.550788895263040045e-17
4.824478144178469847e+03 3.507208996503299521e-16
4.826477246545628986e+03 4.368867287467618568e-16
4.828476329504874229e+03 2.602472323358074220e-16
4.830475393040263043e+03 2.669230595412938982e-16
4.832474437135853805e+03 4.150077369717505617e-16
4.834473461775703072e+03 5.767148307998903399e-16
4.836472466943870131e+03 3.082256898055732670e-16
4.838471452624410631e+03 4.211804671538880541e-16
4.840470418801383857e+03 3.330736757443791939e-16
4.842469365458846369e+03 -1.573278531859025533e-17
4.844468292580857451e+03 6.203147422199626124e-16
4.846467200151472753e+03 1.457723350672784695e-16
4.848466088154751560e+03 3.091886395297284101e-16
4.850464956574750431e+03 4.801987540075711918e-16
4.852463805395527743e+03 2.680625969025945883e-16
