# Wavelength Flux
4.254005157483292351e+03 4.536222714414228656e-16
4.256009141376202933e+03 4.382893562739845625e-16
4.258013110404765030e+03 4.610881736814923584e-16
4.260017064553034288e+03 4.467649024121893199e-16
4.262021003805070904e+03 4.816072952517172754e-16
4.264024928144929618e+03 4.559967940519305948e-16
4.266028837556670624e+03 4.811024062529180247e-16
4.268032732024349571e+03 4.572376697740433525e-16
4.270036611532024835e+03 4.636590778940977436e-16
4.272040476063754795e+03 4.979067508865090982e-16
4.274044325603596008e+03 5.065943253891228232e-16
4.276048160135607759e+03 5.114722831122514058e-16
4.278051979643845698e+03 5.129126960679839479e-16
4.280055784112368201e+03 5.262928563989242157e-16
4.282059573525233645e+03 5.025059535358181442e-16
4.284063347866499498e+03 5.396963310683397731e-16
4.286067107120223227e+03 5.620215968406558734e-16
4.288070851270462299e+03 5.491461744034939101e-16
4.290074580301274182e+03 5.818276622561503311e-16
4.292078294196717252e+03 5.880572425653004641e-16
4.294081992940848068e+03 6.063090890109614506e-16
4.296085676517725005e+03 5.829802048906921014e-16
4.298089344911406442e+03 5.884628670738761509e-16
4.300092998105949846e+03 6.214754949454037412e-16
4.302096636085411774e+03 6.546397135771118398e-16
4.304100258833850603e+03 6.784770939838119265e-16
4.306103866335324710e+03 6.752962138905337356e-16
4.308107458573889744e+03 6.550113130658391082e-16
4.310111035533605900e+03 7.219470770645969605e-16
4.312114597198527917e+03 7.288070592081206573e-16
4.314118143552715992e+03 7.669872288269538458e-16
4.316121674580227591e+03 8.431168360654676447e-16
4.318125190265119272e+03 8.156271513400430713e-16
4.320128690591448503e+03 9.129539837557563643e-16
4.322132175543274570e+03 9.448237184154663345e-16
4.324135645104653122e+03 1.012630774253596483e-15
4.326139099259644354e+03 1.043702188891311789e-15
4.328142537992303005e+03 1.086264787896574527e-15
4.330145961286689271e+03 1.146061244289993140e-15
4.332149369126858801e+03 1.207302356843822821e-15
4.334152761496870880e+03 1.264699011929104914e-15
4.336156138380782068e+03 1.316360375725308385e-15
4.338159499762650739e+03 1.265530909833250493e-15
4.340162845626534363e+03 1.279756582193118057e-15
4.342166175956490406e+03 1.310667727555263326e-15
4.344169490736576336e+03 1.272529162062317038e-15
4.346172789950850529e+03 1.280055334170525764e-15
4.348176073583370453e+03 1.219414175791880730e-15
4.350179341618193575e+03 1.151177022340211141e-15
4.352182594039377364e+03 1.092525433052061092e-15
4.354185830830980194e+03 1.034282789269364727e-15
4.356189051977058625e+03 9.994312405878523673e-16
4.358192257461671034e+03 9.461628842978844574e-16
4.360195447268874887e+03 9.550467009019455069e-16
4.362198621382728561e+03 9.186665021578649464e-16
4.364201779787288615e+03 8.659790728372805286e-16
4.366204922466613425e+03 8.498415279811556920e-16
4.368208049404760459e+03 8.591778830846308091e-16
4.370211160585788093e+03 7.858215406701097645e-16
4.372214255993752886e+03 7.658121738000584671e-16
4.374217335612712304e+03 7.603165394538163049e-16
4.376220399426725635e+03 7.199268156169100608e-16
4.378223447419848526e+03 7.179432138614886271e-16
4.380226479576140264e+03 6.989461756649233098e-16
4.382229495879658316e+03 6.986205750113817792e-16
4.384232496314459240e+03 6.931907747328845854e-16
4.386235480864602323e+03 6.604366154922483739e-16
4.388238449514143213e+03 6.846584200730995541e-16
4.390241402247142105e+03 6.359024711526089954e-16
4.392244339047654648e+03 6.471706276745068870e-16
4.394247259899738310e+03 6.380450145792011759e-16
4.396250164787452377e+03 6.134592063465293177e-16
4.398253053694854316e+03 5.878673547479370581e-16
4.400255926605999775e+03 6.128019234119080871e-16
4.402258783504948951e+03 6.294924641600106028e-16
4.404261624375757492e+03 5.371315500924749397e-16
4.406264449202484684e+03 5.802959175723055391e-16
4.408267257969187995e+03 5.669824765583872667e-16
4.410270050659923982e+03 5.937126158278650087e-16
4.412272827258751022e+03 5.663540917126531906e-16
4.414275587749726583e+03 5.155571547421717184e-16
4.416278332116908132e+03 5.459062313477757771e-16
4.418281060344354046e+03 5.409734957093939709e-16
4.420283772416121792e+03 5.289550656738202561e-16
4.422286468316268838e+03 5.399140517690179093e-16
4.424289148028852651e+03 5.244878150936462381e-16
4.426291811537931608e+03 5.052016929523256408e-16
4.428294458827562266e+03 4.900915519691233913e-16
4.430297089881803004e+03 4.816205504276759345e-16
4.432299704684712196e+03 5.027839667355941110e-16
4.434302303220345493e+03 4.777636894649204040e-16
4.436304885472762180e+03 4.765303588424555918e-16
4.438307451426020634e+03 4.761124026339509691e-16
4.440310001064175594e+03 4.803407525090760360e-16
4.442312534371288166e+03 4.941194570940020160e-16
4.444315051331413997e+03 4.617930996924759766e-16
4.446317551928610555e+03 4.570236241907261526e-16
4.448320036146936218e+03 4.524486804621012355e-16
4.450322503970449361e+03 4.480438013879373436e-16
4.452324955383206543e+03 4.795650847064924852e-16
4.454327390369265231e+03 4.395236583505429974e-16
4.456329808912683802e+03 4.283828307680587462e-16
4.458332210997519724e+03 4.414797787825193289e-16
4.460334596607831372e+03 4.408640310204418146e-16
4.462336965727674396e+03 4.369068457273094018e-16
4.464339318341108992e+03 4.492540158598884818e-16
4.466341654432191717e+03 4.293089094019278337e-16
4.468343973984979129e+03 4.355002511188195614e-16
4.470346276983530515e+03 4.238909471756506665e-16
4.472348563411903342e+03 4.278268567760780909e-16
4.474350833254154168e+03 4.651879786964947605e-16
4.476353086494341369e+03 4.588678523623869540e-16
4.478355323116523323e+03 4.507558725681942698e-16
4.480357543104756587e+03 4.103907016078081478e-16
4.482359746443098629e+03 4.282409370093837981e-16
4.484361933115608736e+03 4.346035393847417473e-16
4.486364103106343464e+03 4.244462603456786586e-16
4.488366256399360282e+03 4.269074102243617463e-16
4.490368392978716656e+03 4.134651960915043039e-16
4.492370512828471874e+03 4.103302157745400372e-16
4.494372615932681583e+03 4.209254023767976837e-16
4.496374702275405070e+03 4.406215696106894146e-16
4.498376771840698893e+03 4.186809513972952776e-16
4.500378824612620519e+03 4.129743472712534506e-16
4.502380860575229235e+03 4.329056344329010247e-16
4.504382879712581598e+03 4.077859769698713711e-16
4.506384882008735076e+03 4.268666152922694553e-16
4.508386867447747136e+03 4.077411765930632623e-16
4.510388836013677064e+03 4.409268106972164987e-16
4.512390787690580510e+03 3.946744153923714818e-16
4.514392722462516758e+03 4.255812823472434665e-16
4.516394640313542368e+03 4.265083315522881532e-16
4.518396541227715716e+03 4.308537622412185217e-16
4.520398425189094269e+03 4.221964108435445882e-16
4.522400292181734585e+03 4.483638377521628907e-16
4.524402142189695951e+03 4.080768183058010007e-16
4.526403975197035834e+03 4.114396774955865154e-16
4.528405791187811701e+03 3.878349495724211479e-16
4.530407590146080111e+03 4.311106761535328571e-16
4.532409372055899439e+03 4.193240716343597405e-16
4.534411136901328064e+03 4.013571943348812364e-16
4.536412884666423452e+03 4.102481536816657105e-16
4.538414615335243070e+03 4.017339129978631411e-16
4.540416328891844387e+03 4.082840556658837611e-16
4.542418025320284869e+03 4.395605688707602903e-16
4.544419704604622893e+03 4.158352577188926649e-16
4.546421366728915018e+03 3.968878422342838597e-16
4.548423011677219620e+03 4.075739248828815859e-16
4.550424639433595075e+03 4.155580104873652736e-16
4.552426249982097943e+03 4.463492468185873564e-16
4.554427843306786599e+03 4.156993696487552399e-16
4.556429419391717602e+03 4.127585400458167873e-16
4.558430978220950237e+03 4.275074395033020005e-16
4.560432519778541064e+03 4.310652276387664934e-16
4.562434044048548458e+03 4.341545838395550175e-16
4.564435551015028977e+03 4.169001901580834314e-16
4.566437040662040999e+03 4.332424627232622949e-16
4.568438512973642901e+03 4.057706383995820872e-16
4.570439967933891239e+03 4.239228757473393286e-16
4.572441405526844392e+03 4.207398914631480267e-16
4.574442825736558916e+03 4.519844790988627725e-16
4.576444228547094099e+03 4.148130451448036269e-16
4.578445613942505588e+03 4.585699548091464270e-16
4.580446981906853580e+03 4.497722888039896323e-16
4.582448332424193723e+03 4.663999513708595596e-16
4.584449665478585302e+03 4.404704224092457035e-16
4.586450981054083968e+03 4.714757706311381204e-16
4.588452279134749006e+03 4.526770707606532376e-16
4.590453559704636973e+03 4.696984735215779281e-16
4.592454822747806247e+03 4.493882979469593220e-16
4.594456068248315205e+03 4.808036560769043689e-16
4.596457296190220404e+03 4.786802447237565653e-16
4.598458506557579312e+03 4.538801194256410931e-16
4.600459699334451216e+03 4.670603051480379184e-16
4.602460874504891763e+03 4.624248779244801737e-16
4.604462032052959330e+03 4.629871402964484828e-16
4.606463171962712295e+03 4.302341138781998472e-16
4.608464294218207215e+03 4.366067112131290942e-16
4.610465398803502467e+03 4.017317986586681926e-16
4.612466485702656428e+03 4.511363233559607647e-16
4.614467554899725656e+03 4.539601510643151168e-16
4.616468606378767618e+03 4.319097384824869616e-16
4.618469640123840691e+03 4.354592052845318980e-16
4.620470656119002342e+03 4.262348922134261922e-16
4.622471654348310039e+03 4.424968962523624496e-16
4.624472634795822160e+03 4.181673981198723292e-16
4.626473597445594351e+03 4.101014858748623010e-16
4.628474542281687718e+03 4.394141856912668904e-16
4.630475469288157001e+03 4.412527471508715312e-16
4.632476378449060576e+03 4.224216455977474871e-16
4.634477269748456820e+03 4.328060272864060013e-16
4.636478143170403200e+03 4.087581604405127444e-16
4.638478998698957184e+03 4.187780675111318389e-16
4.640479836318176240e+03 3.925770474182424561e-16
4.642480656012117834e+03 4.261844265547877967e-16
4.644481457764841252e+03 4.045347547359090116e-16
4.646482241560401235e+03 4.194201691449326501e-16
4.648483007382857977e+03 4.465695937782196757e-16
4.650483755216268037e+03 4.449864566959328204e-16
4.652484485044689791e+03 4.429087352995008182e-16
4.654485196852180707e+03 4.436981544521653173e-16
4.656485890622798252e+03 4.322829453742641680e-16
4.658486566340598984e+03 4.171997120833612467e-16
4.660487223989642189e+03 4.773009958922577951e-16
4.662487863553985335e+03 4.628558672166618171e-16
4.664488485017685889e+03 4.608177890030621070e-16
4.666489088364800409e+03 4.125705646325272551e-16
4.668489673579388182e+03 4.568669635399333628e-16
4.670490240645506674e+03 4.615426893758871831e-16
4.672490789547213353e+03 4.374440139110913445e-16
4.674491320268564778e+03 4.491694715932957554e-16
4.676491832793619324e+03 4.482904570261811987e-16
4.678492327106435368e+03 4.287078315476950673e-16
4.680492803191069470e+03 3.971026915834196468e-16
4.682493261031580914e+03 4.229874121629081180e-16
4.684493700612025350e+03 4.006083192568375332e-16
4.686494121916462063e+03 4.059522566956584957e-16
4.688494524928947612e+03 4.152518049503768164e-16
4.690494909633540374e+03 4.243268060064711124e-16
4.692495276014298724e+03 4.122498363165645992e-16
4.694495624055278313e+03 4.152707716063778736e-16
4.696495953740537516e+03 3.967703078709042836e-16
4.698496265054134710e+03 4.030774608077639334e-16
4.700496557980127363e+03 3.905861648979323962e-16
4.702496832502572943e+03 3.819579674535243775e-16
4.704497088605529825e+03 3.743295411440299424e-16
4.706497326273054568e+03 4.081502167659982039e-16
4.708497545489204640e+03 3.668148451882459803e-16
4.710497746238039326e+03 3.935497606108455170e-16
4.712497928503615185e+03 3.715989007444753647e-16
4.714498092269989684e+03 3.544242557606163534e-16
4.716498237521221199e+03 3.950089880919179031e-16
4.718498364241366289e+03 3.834241067753933206e-16
4.720498472414484240e+03 3.454576783006035148e-16
4.722498562024632520e+03 3.791423646993218715e-16
4.724498633055866776e+03 3.802249796907567475e-16
4.726498685492246295e+03 3.992799679320807696e-16
4.728498719317829455e+03 3.526094924258724834e-16
4.730498734516671902e+03 3.889887140566030881e-16
4.732498731072832925e+03 3.509623700727029048e-16
4.734498708970369989e+03 3.531382422836524574e-16
4.736498668193339654e+03 3.546424888733219110e-16
4.738498608725800295e+03 3.547859392579816887e-16
4.740498530551810290e+03 3.659125650588181055e-16
4.742498433655426197e+03 3.625800887567232156e-16
4.744498318020706392e+03 3.668907503996158769e-16
4.746498183631708343e+03 3.585388663646817006e-16
4.748498030472489518e+03 3.627340305490056699e-16
4.750497858527107383e+03 3.420669334013572182e-16
4.752497667779621224e+03 3.514730579205691236e-16
4.754497458214085782e+03 3.379416859242783629e-16
4.756497229814562161e+03 3.548474240808609425e-16
4.758496982565105100e+03 3.317479699701283890e-16
4.760496716449773885e+03 3.438124161970779531e-16
4.762496431452625075e+03 3.426832766078916784e-16
4.764496127557717045e+03 3.500342747791904958e-16
4.766495804749108174e+03 3.327931173639601094e-16
4.768495463010855019e+03 3.524008984639808310e-16
4.770495102327015047e+03 3.443963226257123875e-16
4.772494722681647545e+03 3.820570429700363903e-16
4.774494324058809070e+03 3.358975385774010250e-16
4.776493906442556181e+03 3.594569640152241396e-16
4.778493469816949073e+03 3.485599719429577470e-16
4.780493014166043395e+03 3.338870014729821703e-16
4.782492539473897523e+03 3.407895427597150935e-16
4.784492045724568925e+03 3.405201178030018562e-16
4.786491532902115068e+03 3.383373153635273509e-16
4.788491000990595239e+03 3.503072874241724829e-16
4.790490449974065086e+03 3.226103954491391477e-16
4.792489879836582986e+03 3.113106476317611254e-16
4.794489290562206406e+03 3.265696041194843750e-16
4.796488682134993724e+03 3.318733933735407722e-16
4.798488054539002405e+03 3.664117205210534333e-16
4.800487407758289010e+03 3.337010391433513297e-16
4.802486741776912822e+03 3.377670924158067441e-16
4.804486056578930402e+03 3.389027234609379917e-16
4.806485352148400125e+03 3.515847996688721436e-16
4.808484628469378549e+03 3.444012884518098383e-16
4.810483885525924052e+03 3.490156750388413802e-16
4.812483123302095009e+03 3.589310119194227908e-16
4.814482341781947980e+03 3.535863152531752593e-16
4.816481540949541341e+03 3.351632752789026202e-16
4.818480720788932558e+03 3.381910011017884642e-16
4.820479881284179100e+03 3.478278735225641652e-16
4.822479022419339344e+03 3.222276382524825287e-16
4.824478144178469847e+03 3.326711696952701088e-16
4.826477246545628986e+03 3.572007639765520037e-16
4.828476329504874229e+03 3.338039846547274078e-16
4.830475393040263043e+03 3.437474301150325687e-16
4.832474437135853805e+03 3.465090512972680596e-16
4.834473461775703072e+03 3.385106917468755053e-16
4.836472466943870131e+03 3.396814606227631483e-16
4.838471452624410631e+03 3.483775554444950162e-16
4.840470418801383857e+03 3.317981543182559282e-16
4.842469365458846369e+03 3.285145703038287946e-16
4.844468292580857451e+03 3.306778831304586884e-16
4.846467200151472753e+03 3.420963439314973650e-16
4.848466088154751560e+03 3.370539778665988462e-16
4.850464956574750431e+03 3.278883316168428961e-16
4.852463805395527743e+03 3.348989599995265539e-16
4.854462634601140962e+03 3.259663422495656211e-16
4.856461444175647557e+03 3.242840370599505876e-16
4.858460234103104995e+03 3.691558460723874995e-16
4.860459004367571652e+03 3.464741934252464478e-16
4.862457754953104086e+03 3.341407815446709049e-16
4.864456485843762493e+03 3.232430420917385449e-16
4.866455197023601613e+03 3.450577353668313095e-16
4.868453888476679822e+03 3.440448428015584314e-16
4.870452560187055496e+03 3.457246501459959432e-16
4.872451212138786104e+03 3.236758283505985675e-16
4.874449844315930022e+03 3.257808509592543039e-16
4.876448456702542899e+03 3.402452838978439406e-16
4.878447049282684929e+03 3.516138166877002240e-16
4.880445622040411763e+03 3.514930376570260306e-16
4.882444174959781776e+03 3.317713545664316609e-16
4.884442708024852436e+03 3.671808977981825382e-16
4.886441221219682120e+03 3.206984456038210554e-16
4.888439714528328295e+03 3.680688725341973068e-16
4.890438187934847520e+03 3.504346661526560480e-16
4.892436641423299079e+03 3.492111799684118332e-16
4.894435074977738623e+03 3.334274148182601031e-16
4.896433488582226346e+03 3.532119398338861772e-16
4.898431882220818807e+03 3.247252423232572641e-16
4.900430255877572563e+03 3.219070962754118415e-16
4.902428609536546901e+03 3.440118175051321427e-16
4.904426943181798379e+03 3.428331663516934529e-16
4.906425256797385373e+03 3.506406613659617084e-16
4.908423550367365351e+03 3.292105392553250483e-16
4.910421823875795781e+03 3.634519989772360225e-16
4.912420077306734129e+03 3.366072596336768204e-16
4.914418310644238773e+03 3.361213705352179424e-16
4.916416523872367179e+03 3.197151832258151182e-16
4.918414716975175907e+03 3.448126575388107149e-16
4.920412889936724241e+03 3.399211332732371232e-16
4.922411042741068741e+03 3.495155799248809813e-16
4.924409175372268692e+03 3.472228611530327022e-16
4.926407287814379742e+03 3.322353673027025317e-16
4.928405380051460270e+03 3.312694558232684605e-16
4.930403452067568651e+03 3.307089885078123443e-16
4.932401503846760534e+03 3.333149511468620401e-16
4.934399535373097024e+03 3.420419793135006218e-16
4.936397546630632860e+03 3.550218484830634826e-16
4.938395537603426419e+03 3.452252794995993009e-16
4.940393508275535169e+03 3.267873364155267010e-16
4.942391458631018395e+03 3.308927171760081628e-16
4.944389388653931746e+03 3.277250236537794910e-16
4.946387298328333600e+03 3.391435686652270577e-16
4.948385187638282332e+03 3.153582033618955105e-16
4.950383056567834501e+03 3.471131741949484685e-16
4.952380905101048484e+03 3.443884086288989073e-16
4.954378733221981747e+03 3.236570722613862922e-16
4.956376540914692669e+03 3.283395494195177963e-16
4.958374328163237806e+03 3.279462845797275119e-16
4.960372094951675535e+03 3.333949401259042988e-16
4.962369841264062416e+03 3.486097833612242978e-16
4.964367567084457733e+03 3.445570124658010727e-16
4.966365272396917135e+03 3.042939614592657541e-16
4.968362957185500818e+03 3.247848378695409944e-16
4.970360621434265340e+03 3.231367393445432699e-16
4.972358265127267259e+03 3.356539643578889831e-16
4.974355888248564952e+03 3.182006168670094908e-16
4.976353490782217705e+03 3.410859276346203760e-16
4.978351072712280256e+03 3.256571034837505494e-16
4.980348634022812803e+03 3.298777603338401735e-16
4.982346174697871902e+03 3.231001675035164300e-16
4.984343694721515021e+03 3.301323998096502439e-16
4.986341194077800537e+03 3.392678248888329185e-16
4.988338672750784099e+03 3.346483520761520618e-16
4.990336130724526811e+03 3.220632780532781989e-16
4.992333567983084322e+03 3.290437181627360876e-16
4.994330984510514099e+03 3.248713964889181969e-16
4.996328380290874520e+03 3.337279510815058932e-16
4.998325755308223052e+03 3.260969952622980875e-16
5.000323109546617161e+03 3.340129011761092216e-16
5.002320442990114316e+03 3.140536569159797734e-16
5.004317755622772893e+03 3.360349577037530138e-16
5.006315047428649450e+03 3.237624550248689001e-16
5.008312318391803274e+03 3.367458376733960734e-16
5.010309568496290922e+03 3.589664857124571481e-16
5.012306797726169862e+03 3.436762750019270645e-16
5.014304006065498470e+03 3.409596514151281476e-16
5.016301193498334214e+03 3.358102089666239554e-16
5.018298360008734562e+03 3.310869191355561959e-16
5.020295505580756981e+03 3.420319681790113329e-16
5.022292630198459847e+03 3.352943551411693964e-16
5.024289733845900628e+03 3.342450573012494142e-16
5.026286816507135882e+03 3.247185674445817232e-16
5.028283878166224895e+03 3.215713587658300905e-16
5.030280918807224225e+03 3.335584231277635065e-16
5.032277938414192249e+03 3.290594549928482028e-16
5.034274936971187344e+03 3.145208032030530872e-16
5.036271914462264249e+03 3.235270036195936507e-16
5.038268870871484069e+03 3.164929669147073133e-16
5.040265806182902452e+03 3.143043878879740681e-16
5.042262720380576866e+03 3.082808677996742987e-16
5.044259613448566597e+03 3.113301054353724353e-16
5.046256485370928203e+03 3.164209146807264017e-16
5.048253336131720062e+03 3.324573493683137298e-16
5.050250165714998730e+03 3.128501454882168624e-16
5.052246974104822584e+03 3.175998467001368039e-16
5.054243761285249093e+03 3.200322008829861555e-16
5.056240527240335723e+03 3.028202809848566088e-16
5.058237271954140851e+03 3.113753521706010136e-16
5.060233995410721946e+03 3.251600090418808430e-16
5.062230697594135563e+03 3.112830670539049182e-16
5.064227378488441900e+03 3.118402023066007579e-16
5.066224038077695695e+03 3.112260021032902921e-16
5.068220676345956235e+03 3.110151684343230652e-16
5.070217293277280987e+03 3.167993181389768551e-16
5.072213888855727419e+03 3.159207809028152369e-16
5.074210463065352997e+03 3.021967351167538851e-16
5.076207015890216098e+03 3.336598902818807114e-16
5.078203547314374191e+03 3.317358075022909094e-16
5.080200057321884742e+03 3.109701034665741427e-16
5.082196545896804309e+03 3.276567772548902886e-16
5.084193013023193089e+03 2.990941304645317788e-16
5.086189458685106729e+03 3.174295141754063596e-16
5.088185882866603606e+03 3.357872395535511554e-16
5.090182285551740279e+03 3.147603083006134583e-16
5.092178666724576942e+03 3.246736120742202136e-16
5.094175026369169245e+03 3.223726198391314136e-16
5.096171364469575565e+03 3.367255690468813034e-16
5.098167681009852458e+03 3.199091319622240192e-16
5.100163975974059213e+03 3.147431321491221050e-16
5.102160249346252385e+03 3.148236343993075086e-16
5.104156501110490353e+03 3.208764127697973861e-16
5.106152731250830584e+03 3.118198124826177366e-16
5.108148939751330545e+03 3.058513447228632879e-16
5.110145126596047703e+03 3.129841405528349093e-16
5.112141291769040436e+03 3.246099384167169905e-16
5.114137435254366210e+03 3.168905154252180805e-16
5.116133557036081584e+03 3.158705704087576843e-16
5.118129657098244934e+03 3.257333990122176598e-16
5.120125735424915547e+03 3.150712403549062864e-16
5.122121792000149071e+03 3.147130608510993991e-16
5.124117826808003883e+03 3.161088868562708904e-16
5.126113839832536542e+03 3.076748738438659558e-16
5.128109831057807241e+03 3.344727511550582603e-16
5.130105800467870722e+03 3.160347757799027565e-16
5.132101748046787179e+03 2.979887917593730649e-16
5.134097673778612261e+03 3.096021293246710224e-16
5.136093577647405255e+03 3.153512186283095418e-16
5.138089459637221807e+03 3.236008142290177631e-16
5.140085319732123025e+03 3.152371692716270138e-16
5.142081157916162738e+03 3.150356460531406805e-16
5.144076974173401140e+03 3.164815074015513344e-16
5.146072768487894791e+03 3.053364578572313660e-16
5.148068540843701157e+03 3.270712233118710751e-16
5.150064291224878616e+03 3.204374586316301397e-16
5.152060019615484634e+03 3.172402229442790792e-16
5.154055725999577589e+03 3.099801956879965824e-16
5.156051410361214039e+03 3.279962855063983455e-16
5.158047072684452360e+03 3.261563691862648525e-16
5.160042712953349110e+03 3.122811411437823045e-16
5.162038331151963575e+03 3.257557867231555775e-16
5.164033927264352315e+03 3.026763616847228389e-16
5.166029501274571885e+03 3.186263352606750746e-16
5.168025053166683392e+03 3.208566467513372905e-16
5.170020582924741575e+03 3.166909694269792260e-16
5.172016090532804810e+03 3.392344938102985768e-16
5.174011575974931475e+03 3.073549574041791362e-16
5.176007039235178127e+03 3.266033854531824501e-16
5.178002480297603142e+03 3.177996106467823015e-16
5.179997899146264899e+03 3.182605390748627521e-16
5.181993295765219045e+03 3.127479147547974620e-16
5.183988670138525777e+03 3.141829946035289244e-16
5.185984022250239832e+03 3.203212326944864297e-16
5.187979352084421407e+03 3.129018481541838883e-16
5.189974659625127060e+03 3.136116787353840595e-16
5.191969944856415168e+03 3.069041799147194071e-16
5.193965207762341379e+03 3.203765527315517491e-16
5.195960448326966798e+03 3.255790382345366724e-16
5.197955666534345255e+03 2.956693255055470859e-16
5.199950862368537855e+03 3.056522121696140017e-16
5.201946035813600247e+03 3.202130806678772213e-16
5.203941186853589898e+03 3.335786608059063983e-16
5.205936315472565184e+03 3.170573154689710131e-16
5.207931421654584483e+03 3.013186128063763555e-16
5.209926505383705262e+03 3.167197635052090560e-16
5.211921566643984079e+03 3.186900079991133363e-16
5.213916605419479311e+03 2.995593619288178628e-16
5.215911621694247515e+03 3.182598360143387485e-16
5.217906615452347978e+03 3.201190303885460337e-16
5.219901586677837258e+03 3.101963436238305328e-16
5.221896535354774642e+03 3.190535285060415438e-16
5.223891461467215777e+03 3.020786780670907181e-16
5.225886364999219950e+03 3.223654982930083635e-16
5.227881245934842809e+03 3.100954148616002087e-16
5.229876104258144551e+03 3.019785830609679503e-16
5.231870939953181733e+03 3.083816699879464902e-16
5.233865753004010912e+03 3.042570288071838174e-16
5.235860543394690467e+03 3.239461634519623041e-16
5.237855311109279683e+03 3.001562427698930469e-16
5.239850056131834208e+03 3.005567774393028087e-16
5.241844778446412420e+03 3.056231805451659881e-16
5.243839478037071785e+03 2.966853193604883117e-16
5.245834154887870682e+03 3.178335918131178789e-16
5.247828808982865667e+03 3.044034733109696611e-16
5.249823440306114207e+03 3.133732753997077388e-16
5.251818048841676500e+03 3.068377097310152838e-16
5.253812634573607284e+03 2.939743652111301660e-16
5.255807197485965844e+03 3.086048379912697770e-16
5.257801737562809649e+03 3.062909024557157928e-16
5.259796254788196165e+03 3.222199366665282703e-16
5.261790749146181952e+03 3.143597991078432623e-16
5.263785220620826294e+03 3.253384863415048117e-16
5.265779669196186660e+03 3.026203056844590783e-16
5.267774094856320517e+03 3.245337968782219314e-16
5.269768497585284422e+03 3.238794490164932866e-16
5.271762877367138572e+03 3.145862522296879207e-16
5.273757234185937705e+03 3.338261842736401890e-16
5.275751568025741108e+03 3.313941673426004926e-16
5.277745878870606248e+03 3.372042070703988924e-16
5.279740166704590592e+03 3.349989617863643874e-16
5.281734431511752518e+03 3.388212567457223346e-16
5.283728673276149493e+03 3.383135180825139993e-16
5.285722891981837165e+03 3.587120495435646274e-16
5.287717087612876639e+03 3.624636217357720314e-16
5.289711260153322655e+03 3.419570558415638906e-16
5.291705409587235408e+03 3.556545666409967255e-16
5.293699535898669637e+03 3.536176190813066412e-16
5.295693639071685539e+03 3.441167827523383081e-16
5.297687719090339669e+03 3.582014467912846199e-16
5.299681775938690407e+03 3.638150500478690334e-16
5.301675809600794310e+03 3.692453331279158635e-16
5.303669820060708844e+03 3.792628279405300615e-16
5.305663807302493296e+03 3.745494105538595865e-16
5.307657771310205135e+03 3.632575373081489388e-16
5.309651712067900007e+03 3.867834681914676079e-16
5.311645629559638110e+03 3.632303777331414495e-16
5.313639523769474181e+03 3.766606070343176878e-16
5.315633394681469326e+03 3.826067093106179749e-16
5.317627242279679194e+03 3.900876670644274635e-16
5.319621066548161252e+03 3.804005809599132368e-16
5.321614867470974787e+03 4.015184205815889380e-16
5.323608645032174536e+03 4.005958329180099511e-16
5.325602399215822516e+03 4.026541464924452449e-16
5.327596130005971645e+03 4.059805217388872245e-16
5.329589837386683939e+03 3.974111578322730663e-16
5.331583521342014137e+03 4.207838358357331523e-16
5.333577181856019706e+03 4.398767792271869401e-16
5.335570818912759933e+03 4.410498140420355892e-16
5.337564432496292284e+03 4.518444734904828517e-16
5.339558022590674227e+03 4.549715438674600019e-16
5.341551589179963230e+03 4.689454935790898144e-16
5.343545132248216760e+03 4.495887146011231421e-16
5.345538651779492284e+03 4.854081397620911596e-16
5.347532147757849089e+03 4.744910624882265971e-16
5.349525620167343732e+03 4.632437322855393160e-16
5.351519068992032771e+03 4.345272663493585414e-16
5.353512494215974584e+03 4.439646940945592706e-16
5.355505895823228457e+03 4.246715136679039158e-16
5.357499273797850037e+03 4.396494193579947828e-16
5.359492628123898612e+03 4.107401305043893016e-16
5.361485958785429830e+03 4.014315376541235676e-16
5.363479265766502976e+03 3.919677167477915485e-16
5.365472549051175520e+03 4.168677568562885813e-16
5.367465808623504927e+03 3.947756562839875994e-16
5.369459044467548665e+03 3.852284486261054834e-16
5.371452256567363293e+03 3.846016246913388744e-16
5.373445444907009005e+03 3.805240195697048092e-16
5.375438609470542360e+03 3.694209758589312459e-16
5.377431750242019916e+03 3.813314543937733220e-16
5.379424867205501869e+03 3.746850045900079274e-16
5.381417960345042957e+03 3.443559132063254800e-16
5.383411029644703376e+03 3.645837373107786636e-16
5.385404075088537866e+03 3.577030548812046146e-16
5.387397096660607531e+03 3.398153779576046149e-16
5.389390094344968020e+03 3.479593309952203215e-16
5.391383068125676800e+03 3.587586718137687432e-16
5.393376017986791339e+03 3.369323676354106880e-16
5.395368943912371833e+03 3.706747630855458087e-16
5.397361845886473020e+03 3.251443252582614782e-16
5.399354723893154187e+03 3.268178627586108840e-16
5.401347577916471892e+03 3.229087561878518934e-16
5.403340407940484511e+03 3.437704663179359890e-16
5.405333213949250421e+03 3.307157916271303842e-16
5.407325995926827090e+03 3.173744018813644451e-16
5.409318753857270167e+03 3.296193310454600442e-16
5.411311487724638937e+03 3.294232584628648280e-16
5.413304197512991777e+03 3.295035212465696747e-16
5.415296883206385246e+03 3.200402631544881845e-16
5.417289544788876810e+03 3.124973229382916499e-16
5.419282182244523938e+03 3.051640172014072028e-16
5.421274795557386824e+03 2.936147167782994493e-16
5.423267384711520208e+03 3.120093628944917194e-16
5.425259949690982467e+03 3.047064020619406406e-16
5.427252490479831977e+03 2.996167314459587407e-16
5.429245007062125296e+03 3.016845964895640546e-16
5.431237499421921711e+03 3.111694837544934306e-16
5.433229967543276871e+03 3.114530041264312735e-16
5.435222411410251880e+03 2.991696646608880231e-16
5.437214831006900567e+03 3.191483313942393944e-16
5.439207226317282220e+03 3.009252971853422678e-16
5.441199597325454306e+03 2.925477810703234649e-16
5.443191944015474292e+03 2.910432968431677763e-16
5.445184266371401463e+03 3.023061756873234864e-16
5.447176564377290561e+03 2.885012571218099003e-16
5.449168838017201779e+03 2.867524081197830514e-16
5.451161087275192585e+03 2.881503121502236119e-16
5.453153312135319538e+03 3.057882489173295315e-16
5.455145512581640105e+03 2.936655241089258591e-16
5.457137688598213572e+03 2.841578678690438299e-16
5.459129840169095587e+03 2.909364962623073050e-16
5.461121967278345437e+03 2.859274200821264499e-16
5.463114069910019680e+03 2.914259108664732133e-16
5.465106148048176692e+03 2.785003527981453199e-16
5.467098201676874851e+03 2.954302431971365532e-16
5.469090230780169804e+03 2.882099193266253415e-16
5.471082235342120839e+03 2.818726003845784754e-16
5.473074215346785422e+03 2.835069710400889438e-16
5.475066170778220112e+03 2.717138178834877039e-16
5.477058101620484194e+03 2.823900287614522233e-16
5.479050007857634228e+03 2.807100619742765854e-16
5.481041889473728588e+03 2.960391049469595445e-16
5.483033746452823834e+03 2.677099723554056127e-16
5.485025578778979252e+03 2.933540892237996490e-16
5.487017386436251400e+03 2.765222719770852965e-16
5.489009169408696835e+03 2.615626376326614788e-16
5.491000927680375753e+03 2.861082598199871148e-16
5.492992661235344713e+03 2.719837374689506335e-16
5.494984370057662090e+03 2.796607090645974954e-16
5.496976054131382625e+03 2.786598899339302329e-16
5.498967713440568332e+03 2.832399635034772694e-16
5.500959347969273040e+03 2.830467672707229269e-16
5.502950957701556035e+03 2.730379062756079807e-16
5.504942542621476605e+03 2.757734871900094214e-16
5.506934102713089487e+03 2.719223666064916240e-16
5.508925637960453969e+03 2.742737473319352878e-16
5.510917148347627517e+03 2.772300164005233554e-16
5.512908633858667599e+03 2.718927881667338060e-16
5.514900094477632592e+03 2.733763504338462165e-16
5.516891530188579054e+03 2.842446264466698919e-16
5.518882940975564452e+03 2.646060061473580079e-16
5.520874326822648072e+03 2.776270654190215869e-16
5.522865687713886473e+03 2.765504987179362911e-16
5.524857023633338031e+03 2.685827905059767735e-16
5.526848334565059304e+03 2.715331721569689307e-16
5.528839620493108669e+03 2.746847050428489023e-16
5.530830881401543593e+03 2.740146196795956590e-16
5.532822117274421544e+03 2.654305321319646940e-16
5.534813328095800898e+03 2.675052426363807887e-16
5.536804513849740033e+03 2.657033736388285369e-16
5.538795674520293687e+03 2.715110617125861656e-16
5.540786810091522966e+03 2.741280480041087285e-16
5.542777920547482609e+03 2.618518020166213643e-16
5.544769005872232810e+03 2.632452768652016084e-16
5.546760066049828310e+03 2.774081289996096884e-16
5.548751101064330214e+03 2.683154619032205307e-16
5.550742110899793261e+03 2.652968790042593969e-16
5.552733095540277645e+03 2.653790218572345701e-16
5.554724054969839017e+03 2.558756984749674555e-16
5.556714989172534843e+03 2.765129362150477372e-16
5.558705898132425318e+03 2.744445604592427182e-16
5.560696781833565183e+03 2.694871975033687107e-16
5.562687640260013723e+03 2.747447002866988202e-16
5.564678473395829315e+03 2.745291976061511867e-16
5.566669281225067607e+03 2.694319322426063411e-16
5.568660063731787886e+03 2.736811230019261980e-16
5.570650820900047620e+03 2.804951686345177690e-16
5.572641552713902456e+03 2.765503558265543678e-16
5.574632259157412591e+03 2.708624156163993320e-16
5.576622940214634582e+03 2.660997437705120321e-16
5.578613595869626806e+03 2.640113653492346642e-16
5.580604226106446731e+03 2.684732647084749299e-16
5.582594830909150915e+03 2.622111674367883407e-16
5.584585410261797733e+03 2.782364417825456111e-16
5.586575964148445564e+03 2.779428170221397380e-16
5.588566492553150965e+03 2.533301152322602197e-16
5.590556995459972313e+03 2.619826913135198963e-16
5.592547472852967985e+03 2.611877110438857600e-16
5.594537924716192720e+03 2.597722658721028541e-16
5.596528351033708532e+03 2.868657491352968154e-16
5.598518751789569251e+03 2.658573854341294561e-16
5.600509126967834163e+03 2.623388112132650216e-16
5.602499476552560736e+03 2.694029524092855913e-16
5.604489800527808256e+03 2.667562149154474338e-16
5.606480098877630553e+03 2.704963490492014559e-16
5.608470371586088731e+03 2.654738376194520812e-16
5.610460618637240259e+03 2.682915099848267450e-16
5.612450840015140784e+03 2.711991370587922222e-16
5.614441035703848684e+03 2.697825232361125445e-16
5.616431205687422334e+03 2.598655779280810676e-16
5.618421349949920113e+03 2.778656728627215053e-16
5.620411468475397669e+03 2.716644024612055530e-16
5.622401561247914287e+03 2.698830456752766725e-16
5.624391628251526527e+03 2.747259590947828674e-16
5.626381669470292763e+03 2.644909694866537036e-16
5.628371684888270465e+03 2.645604901288596540e-16
5.630361674489517100e+03 2.656484193949889723e-16
5.632351638258091043e+03 2.727511210078368991e-16
5.634341576178048854e+03 2.666186902912227162e-16
5.636331488233448908e+03 2.667445574659012797e-16
5.638321374408348674e+03 2.772096404317823635e-16
5.640311234686805619e+03 2.646781475783122256e-16
5.642301069052879029e+03 2.641810938303122383e-16
5.644290877490624553e+03 2.843031320808872562e-16
5.646280659984100566e+03 2.652616119380225916e-16
5.648270416517364538e+03 2.728356287058040778e-16
5.650260147074473934e+03 2.513948727894277797e-16
5.652249851639488043e+03 2.715680056815562558e-16
5.654239530196462511e+03 2.658916434216478080e-16
5.656229182729455715e+03 2.742825980073222833e-16
5.658218809222525124e+03 2.698545294363114625e-16
5.660208409659729114e+03 2.757976838614944821e-16
5.662197984025124242e+03 2.464707872201500120e-16
5.664187532302770705e+03 2.696255663162614216e-16
5.666177054476722333e+03 2.731137994106890740e-16
5.668166550531039320e+03 2.784566553620463353e-16
5.670156020449780044e+03 2.590799295620143912e-16
5.672145464216999244e+03 2.652187304441352770e-16
5.674134881816757115e+03 2.666440209054494647e-16
5.676124273233110216e+03 2.546854325237455385e-16
5.678113638450116923e+03 2.546442373344679998e-16
5.680102977451834704e+03 2.616063090064845145e-16
5.682092290222321026e+03 2.382859521548624201e-16
5.684081576745633356e+03 2.597651266688563656e-16
5.686070837005829162e+03 2.736535939120533916e-16
5.688060070986966821e+03 2.553477092351870915e-16
5.690049278673102890e+03 2.536926322239603187e-16
5.692038460048297566e+03 2.604893257207016879e-16
5.694027615096605587e+03 2.573772233393966270e-16
5.696016743802085330e+03 2.669557876404982200e-16
5.698005846148795172e+03 2.623749846207680881e-16
5.699994922120793490e+03 2.496849576930060531e-16
5.701983971702136841e+03 2.373517254803712634e-16
5.703972994876881785e+03 2.602533617563864550e-16
5.705961991629088516e+03 2.610465305555570727e-16
5.707950961942813592e+03 2.546963387565134230e-16
5.709939905802113572e+03 2.531020166007346017e-16
5.711928823191047741e+03 2.438617263519080271e-16
5.713917714093673567e+03 2.622935371229666641e-16
5.715906578494046698e+03 2.514122236043642674e-16
5.717895416376228241e+03 2.555672762893840550e-16
5.719884227724272932e+03 2.496070422263054162e-16
5.721873012522240060e+03 2.563938249580533692e-16
5.723861770754187091e+03 2.493371908653453461e-16
5.725850502404170584e+03 2.560863246270740505e-16
5.727839207456248914e+03 2.576233221949181291e-16
5.729827885894480460e+03 2.429870463521598730e-16
5.731816537702921778e+03 2.487765584975276310e-16
5.733805162865630336e+03 2.633402403404649334e-16
5.735793761366665422e+03 2.581234073825169859e-16
5.737782333190084501e+03 2.660168302588336057e-16
5.739770878319943222e+03 2.477532319103621618e-16
5.741759396740300872e+03 2.612909655793619072e-16
5.743747888435214918e+03 2.670336695304872478e-16
5.745736353388742828e+03 2.599531478133868166e-16
5.747724791584942977e+03 2.497386525317195916e-16
5.749713203007871925e+03 2.441399031826105384e-16
5.751701587641587139e+03 2.603293842444169398e-16
5.753689945470147904e+03 2.590768431465108443e-16
5.755678276477610780e+03 2.506983209422450652e-16
5.757666580648033232e+03 2.520682410802713431e-16
5.759654857965473639e+03 2.438521535626461416e-16
5.761643108413989466e+03 2.592778171854278529e-16
5.763631331977637274e+03 2.557858004068663793e-16
5.765619528640476346e+03 2.588180588304517206e-16
5.767607698386564152e+03 2.507064512723178940e-16
5.769595841199957249e+03 2.516160199125068563e-16
5.771583957064714014e+03 2.572721135814412816e-16
5.773572045964892823e+03 2.517719943453032156e-16
5.775560107884550234e+03 2.559123795207849630e-16
5.777548142807743716e+03 2.454988979937201808e-16
5.779536150718531644e+03 2.718575551997188641e-16
5.781524131600972396e+03 2.558416587941402969e-16
5.783512085439122529e+03 2.664780277604413465e-16
5.785500012217039512e+03 2.652924436969444414e-16
5.787487911918780810e+03 2.535485029630962798e-16
5.789475784528406621e+03 2.640444228258000366e-16
5.791463630029971682e+03 2.679005231461734006e-16
5.793451448407534372e+03 2.584375262747147326e-16
5.795439239645153066e+03 2.691311746557265883e-16
5.797427003726885232e+03 2.654690770194038692e-16
5.799414740636788338e+03 2.583179136624410304e-16
5.801402450358920760e+03 2.599994699318221354e-16
5.803390132877338146e+03 2.535055719377688833e-16
5.805377788176100694e+03 2.593870095495474625e-16
5.807365416239264960e+03 2.615907110818988163e-16
5.809353017050887502e+03 2.524142619103748553e-16
5.811340590595027606e+03 2.869903636376368603e-16
5.813328136855742741e+03 2.618755537210288755e-16
5.815315655817089464e+03 2.591341337477568024e-16
5.817303147463126152e+03 2.666030580306930838e-16
5.819290611777912090e+03 2.655631326378164142e-16
5.821278048745502019e+03 2.742111641636584542e-16
5.823265458349955225e+03 2.626335671131706053e-16
5.825252840575329174e+03 2.601184199195264876e-16
5.827240195405682243e+03 2.777992297929906104e-16
5.829227522825070992e+03 2.650169987502741915e-16
5.831214822817551976e+03 2.660710302988005571e-16
5.833202095367186303e+03 2.731086394361224841e-16
5.835189340458028710e+03 2.694047090347706908e-16
5.837176558074137574e+03 2.505381494673386958e-16
5.839163748199571273e+03 2.707720885692485755e-16
5.841150910818387274e+03 2.657981913674630950e-16
5.843138045914642134e+03 2.564694984919785822e-16
5.845125153472395141e+03 2.636747946779102889e-16
5.847112233475703761e+03 2.546509287015326194e-16
5.849099285908623642e+03 2.729025597517587256e-16
5.851086310755214981e+03 2.566008301258492156e-16
5.853073307999534336e+03 2.700703566228935672e-16
5.855060277625639173e+03 2.711460408359505777e-16
5.857047219617586961e+03 2.673275388043801232e-16
5.859034133959436076e+03 2.691376288788499805e-16
5.861021020635243985e+03 2.633593983438050809e-16
5.863007879629069066e+03 2.807263317167272353e-16
5.864994710924966967e+03 2.657116739790404163e-16
5.866981514506996973e+03 2.528250967999956017e-16
5.868968290359216553e+03 2.635322294376772744e-16
5.870955038465683174e+03 2.633428790803467255e-16
5.872941758810455212e+03 2.654462211758658540e-16
5.874928451377589226e+03 2.778395077621631646e-16
5.876915116151143593e+03 2.698133567641117230e-16
5.878901753115174870e+03 2.620707721212968164e-16
5.880888362253742343e+03 2.566150279178029465e-16
5.882874943550903481e+03 2.615733784031395476e-16
5.884861496990713931e+03 2.612516222831359336e-16
5.886848022557232980e+03 2.616400546984841363e-16
5.888834520234519005e+03 2.525292907124324251e-16
5.890820990006628563e+03 2.624535792226306300e-16
5.892807431857620031e+03 2.491445747066419626e-16
5.894793845771549059e+03 2.540125400349167547e-16
5.896780231732476750e+03 2.649409406000703685e-16
5.898766589724457845e+03 2.623152820760860703e-16
5.900752919731550719e+03 2.347177547266847484e-16
5.902739221737813750e+03 2.606690856511264031e-16
5.904725495727305315e+03 2.611997298552074243e-16
5.906711741684081062e+03 2.562639967993388883e-16
5.908697959592198458e+03 2.733222478111800499e-16
5.910684149435717700e+03 2.636487807123228862e-16
5.912670311198695345e+03 2.614414141578195482e-16
5.914656444865187950e+03 2.678805598101710007e-16
5.916642550419254803e+03 2.587344897984112260e-16
5.918628627844952462e+03 2.613560255888862895e-16
5.920614677126338393e+03 2.566500215951833803e-16
5.922600698247471882e+03 2.604795871096927456e-16
5.924586691192409489e+03 2.559861738366392058e-16
5.926572655945207771e+03 2.627616672846313582e-16
5.928558592489926014e+03 2.499743777202494204e-16
5.930544500810621685e+03 2.686005872923858701e-16
5.932530380891352252e+03 2.518134129046599773e-16
5.934516232716175182e+03 2.552217330240788721e-16
5.936502056269147943e+03 2.568835401564822443e-16
5.938487851534328911e+03 2.589606309183722492e-16
5.940473618495774645e+03 2.496979949705579468e-16
5.942459357137544430e+03 2.598797378403957411e-16
5.944445067443694825e+03 2.528634584220615477e-16
5.946430749398283297e+03 2.508287233389639350e-16
5.948416402985369132e+03 2.439813537072712261e-16
5.950402028189007979e+03 2.485627160485629322e-16
5.952387624993258214e+03 2.392062407597164710e-16
5.954373193382178215e+03 2.523796543386602685e-16
5.956358733339824539e+03 2.486260950505583144e-16
5.958344244850255564e+03 2.447809147055135290e-16
5.960329727897529665e+03 2.436929096576081773e-16
5.962315182465701582e+03 2.393324534394470940e-16
5.964300608538832421e+03 2.456560321266204550e-16
5.966286006100978739e+03 2.542099098466029988e-16
5.968271375136197094e+03 2.557550918016176784e-16
5.970256715628545862e+03 2.513417489371918004e-16
5.972242027562084331e+03 2.393971843450151693e-16
5.974227310920867239e+03 2.444911411931078411e-16
5.976212565688954783e+03 2.502298733453161291e-16
5.978197791850402609e+03 2.387465297315046018e-16
5.980182989389269096e+03 2.492023256062315810e-16
5.982168158289612620e+03 2.392781874715395709e-16
5.984153298535491558e+03 2.587606383388866395e-16
5.986138410110959740e+03 2.489719288669405222e-16
5.988123493000080089e+03 2.523842662364458333e-16
5.990108547186906435e+03 2.515124424655133408e-16
5.992093572655498065e+03 2.452732467269237546e-16
5.994078569389911536e+03 2.378956577842703888e-16
5.996063537374206135e+03 2.536914601105403373e-16
5.998048476592438419e+03 2.387368916077809391e-16
6.000033387028665857e+03 2.525327530379036727e-16
6.002018268666946824e+03 2.475318121359079743e-16
6.004003121491338788e+03 2.494895674907560946e-16
6.005987945485900127e+03 2.517565304829886250e-16
6.007972740634686488e+03 2.430497069175897411e-16
6.009957506921757158e+03 2.533282016525606454e-16
6.011942244331168695e+03 2.378919001260911418e-16
6.013926952846981294e+03 2.394154998251199157e-16
6.015911632453249695e+03 2.438433418597373894e-16
6.017896283134032274e+03 2.389436088653367739e-16
6.019880904873387408e+03 2.472123824931766418e-16
6.021865497655372565e+03 2.457637867726969506e-16
6.023850061464045211e+03 2.377353052919814329e-16
6.025834596283463725e+03 2.504480525031912507e-16
6.027819102097684663e+03 2.375435165375530808e-16
6.029803578890765493e+03 2.392323366198852602e-16
6.031788026646766411e+03 2.319113477768131746e-16
6.033772445349741247e+03 2.402750936580693818e-16
6.035756834983752015e+03 2.334535512439047958e-16
6.037741195532852544e+03 2.309218252921711334e-16
6.039725526981102121e+03 2.345282001362299827e-16
6.041709829312559123e+03 2.356258964314406156e-16
6.043694102511280107e+03 2.368582774626047703e-16
6.045678346561322542e+03 2.460278475663760575e-16
6.047662561446744803e+03 2.404218779831798456e-16
6.049646747151604359e+03 2.395130023387998955e-16
6.051630903659959586e+03 2.338160636336420696e-16
6.053615030955866132e+03 2.460184555832890626e-16
6.055599129023384194e+03 2.476294857622229329e-16
6.057583197846569419e+03 2.466733185395158048e-16
6.059567237409481095e+03 2.428856157775971441e-16
6.061551247696175778e+03 2.353909114192244185e-16
6.063535228690710937e+03 2.334819906757972051e-16
6.065519180377144949e+03 2.450082088357239255e-16
6.067503102739536189e+03 2.502472951070230015e-16
6.069486995761940307e+03 2.458139345885464479e-16
6.071470859428416588e+03 2.410424469737186170e-16
6.073454693723022501e+03 2.448347710442801682e-16
6.075438498629814603e+03 2.423376571701332639e-16
6.077422274132852181e+03 2.389161385366896941e-16
6.079406020216190882e+03 2.512492049841388032e-16
6.081389736863890903e+03 2.322293776316875511e-16
6.083373424060007892e+03 2.370716396039866242e-16
6.085357081788601135e+03 2.446641934365484859e-16
6.087340710033726282e+03 2.373049923355061017e-16
6.089324308779442617e+03 2.397356102278705368e-16
6.091307878009807609e+03 2.551082324237925760e-16
6.093291417708878726e+03 2.377311300370438857e-16
6.095274927860712523e+03 2.419438967842133327e-16
6.097258408449368289e+03 2.401384327289255902e-16
6.099241859458903491e+03 2.473198801601350319e-16
6.101225280873374686e+03 2.516426547168389677e-16
6.103208672676841161e+03 2.350883374306247060e-16
6.105192034853358564e+03 2.334754825857345611e-16
6.107175367386986181e+03 2.486749986971161879e-16
6.109158670261780571e+03 2.424655921568033301e-16
6.111141943461801020e+03 2.419708734597745289e-16
6.113125186971104085e+03 2.370758381559147279e-16
6.115108400773747235e+03 2.417898591848215669e-16
6.117091584853787936e+03 2.159419781223128718e-16
6.119074739195285474e+03 2.376364408840315027e-16
6.121057863782296408e+03 2.336189002921811012e-16
6.123040958598877296e+03 2.379078744149877464e-16
6.125024023629087424e+03 2.346228959006486345e-16
6.127007058856983349e+03 2.401007352341059736e-16
6.128990064266625268e+03 2.436608359375291352e-16
6.130973039842067010e+03 2.274612818523512297e-16
6.132955985567368771e+03 2.289123665894751224e-16
6.134938901426587108e+03 2.269170840015001766e-16
6.136921787403781309e+03 2.287076761318771978e-16
6.138904643483007021e+03 2.479082313424575472e-16
6.140887469648323531e+03 2.321265989304691965e-16
6.142870265883787397e+03 2.337259125175826248e-16
6.144853032173456086e+03 2.489863462803482641e-16
6.146835768501388884e+03 2.230257212433802032e-16
6.148818474851642350e+03 2.266774938794517048e-16
6.150801151208273950e+03 2.354904403698028820e-16
6.152783797555341152e+03 2.368789037621619333e-16
6.154766413876903243e+03 2.344642983165821509e-16
6.156749000157014962e+03 2.370026357733113468e-16
6.158731556379738322e+03 2.404955282840932072e-16
6.160714082529126244e+03 2.406707354212500863e-16
6.162696578589239834e+03 2.346514528540718470e-16
6.164679044544134740e+03 2.242719466199298512e-16
6.166661480377870248e+03 2.363070093563566374e-16
6.168643886074502916e+03 2.370838298947549107e-16
6.170626261618090211e+03 2.315467520529295776e-16
6.172608606992691421e+03 2.350365044431467920e-16
6.174590922182362192e+03 2.279157047426244149e-16
6.176573207171160902e+03 2.402253967836192413e-16
6.178555461943145929e+03 2.371273723163440101e-16
6.180537686482373829e+03 2.358594341108222704e-16
6.182519880772903889e+03 2.349723560419730108e-16
6.184502044798791758e+03 2.413079030150790894e-16
6.186484178544096721e+03 2.281341572023600315e-16
6.188466281992876247e+03 2.320172906662453125e-16
6.190448355129186893e+03 2.249213819227062273e-16
6.192430397937087037e+03 2.424944720878989698e-16
6.194412410400633235e+03 2.312500077273650556e-16
6.196394392503885683e+03 2.293452920001988117e-16
6.198376344230900941e+03 2.290485301023576241e-16
6.200358265565735564e+03 2.313948145942590273e-16
6.202340156492447932e+03 2.223194107207434457e-16
6.204322016995096419e+03 2.150439213831828676e-16
6.206303847057737585e+03 2.102016894730963429e-16
6.208285646664429805e+03 2.008642635573822752e-16
6.210267415799230548e+03 2.054514661071780129e-16
6.212249154446197281e+03 2.212976626194997497e-16
6.214230862589387471e+03 2.151754887213683936e-16
6.216212540212860404e+03 2.327454573371877026e-16
6.218194187300670819e+03 2.355148809217401997e-16
6.220175803836879822e+03 2.204282505908614860e-16
6.222157389805543062e+03 2.310125124104496657e-16
6.224138945190718005e+03 1.989599775003634546e-16
6.226120469976462118e+03 1.992854799379453468e-16
6.228101964146834689e+03 2.204636146987621993e-16
6.230083427685892275e+03 2.274803836130694063e-16
6.232064860577692343e+03 2.364911865478099865e-16
6.234046262806293271e+03 2.323749939450971401e-16
6.236027634355752525e+03 2.339190755861565201e-16
6.238008975210127574e+03 2.286442968974144168e-16
6.239990285353475883e+03 2.268935875921585469e-16
6.241971564769855831e+03 2.402599461042002061e-16
6.243952813443323976e+03 2.350595232999899130e-16
6.245934031357939602e+03 2.403373934719525657e-16
6.247915218497759270e+03 2.338561461152230368e-16
6.249896374846839535e+03 2.417988121406000217e-16
6.251877500389240595e+03 2.268170176652684307e-16
6.253858595109019006e+03 2.281006639699128032e-16
6.255839658990232238e+03 2.289693763717764235e-16
6.257820692016937755e+03 2.349010426335304268e-16
6.259801694173193027e+03 2.289622675026155797e-16
6.261782665443057340e+03 2.277331946378366912e-16
6.263763605810585432e+03 2.184712171632392789e-16
6.265744515259838408e+03 2.202577989136331765e-16
6.267725393774871918e+03 2.351189352727727251e-16
6.269706241339743428e+03 2.189453646764569919e-16
6.271687057938512226e+03 2.231174981751968677e-16
6.273667843555233958e+03 2.232690347525847259e-16
6.275648598173967912e+03 2.241193567647080243e-16
6.277629321778770645e+03 2.225071197737748246e-16
6.279610014353700535e+03 2.188630497426658208e-16
6.281590675882815049e+03 2.193737501323003735e-16
6.283571306350171653e+03 2.298614281528767086e-16
6.285551905739828726e+03 2.248195786827451702e-16
6.287532474035842824e+03 2.283054646616216491e-16
6.289513011222272326e+03 2.141719355632222405e-16
6.291493517283174697e+03 2.259765148189752190e-16
6.293473992202607405e+03 2.157693982533123071e-16
6.295454435964628829e+03 2.142371771894847462e-16
6.297434848553295524e+03 2.258059648945607546e-16
6.299415229952666778e+03 2.145027624964981038e-16
6.301395580146800057e+03 2.206098302020945582e-16
6.303375899119750102e+03 2.104953944971527788e-16
6.305356186855578017e+03 2.222080437392350295e-16
6.307336443338340359e+03 2.138995452087637485e-16
6.309316668552093688e+03 2.164483265160981439e-16
6.311296862480898199e+03 2.295483378279259346e-16
6.313277025108808630e+03 2.123939783334750912e-16
6.315257156419884268e+03 2.364656302160123742e-16
6.317237256398183490e+03 2.300518820052109265e-16
6.319217325027761945e+03 2.253941883801350067e-16
6.321197362292678918e+03 2.250767270451913156e-16
6.323177368176991877e+03 2.135278175924926486e-16
6.325157342664757380e+03 2.221256381585168942e-16
6.327137285740033803e+03 2.225146513230588159e-16
6.329117197386878615e+03 2.245066947900320257e-16
6.331097077589351102e+03 2.230478473841409737e-16
6.333076926331506911e+03 2.194743237824950100e-16
6.335056743597404420e+03 2.337193385616002945e-16
6.337036529371101096e+03 2.198189969623728766e-16
6.339016283636654407e+03 2.323908523989927803e-16
6.340996006378123639e+03 2.352988403056639377e-16
6.342975697579563530e+03 2.269204934796468239e-16
6.344955357225034277e+03 2.300107202338520792e-16
6.346934985298592437e+03 2.277623504677752865e-16
6.348914581784296388e+03 2.324950026138454415e-16
6.350894146666203596e+03 2.234504334134757175e-16
6.352873679928370620e+03 2.243983344322085498e-16
6.354853181554855837e+03 2.427176297120622300e-16
6.356832651529717623e+03 2.311915758660577765e-16
6.358812089837013446e+03 2.275052437443864081e-16
6.360791496460800772e+03 2.260097912049747151e-16
6.362770871385136161e+03 2.328559779588775641e-16
6.364750214594077988e+03 2.427395499619474288e-16
6.366729526071685541e+03 2.244678345890993370e-16
6.368708805802014467e+03 2.249085508078619563e-16
6.370688053769123144e+03 2.381701761568234975e-16
6.372667269957069038e+03 2.359357412065643045e-16
6.374646454349909618e+03 2.369703070069945998e-16
6.376625606931704169e+03 2.352080162823087767e-16
6.378604727686508340e+03 2.326136037353260918e-16
6.380583816598380508e+03 2.290543889259733647e-16
6.382562873651378140e+03 2.380275771194121204e-16
6.384541898829558704e+03 2.369229971619794770e-16
6.386520892116981486e+03 2.393830419379914813e-16
6.388499853497702134e+03 2.278021535461348051e-16
6.390478782955780844e+03 2.379681049487779750e-16
6.392457680475272355e+03 2.461813672844397533e-16
6.394436546040235044e+03 2.338272630084636936e-16
6.396415379634727287e+03 2.263361712651657472e-16
6.398394181242807463e+03 2.466116607975675381e-16
6.400372950848532128e+03 2.312037338600620788e-16
6.402351688435958749e+03 2.375123370371613649e-16
6.404330393989145705e+03 2.285573563644574490e-16
6.406309067492150461e+03 2.394885893205526528e-16
6.408287708929030487e+03 2.373427850246096683e-16
6.410266318283843248e+03 2.295429441736887031e-16
6.412244895540647121e+03 2.271399599189439861e-16
6.414223440683499575e+03 2.368828154687377987e-16
6.416201953696458077e+03 2.334586173235525266e-16
6.418180434563581002e+03 2.384630484105665896e-16
6.420158883268924001e+03 2.363429917859438795e-16
6.422137299796546358e+03 2.388448268002624999e-16
6.424115684130506452e+03 2.399031476134437089e-16
6.426094036254860839e+03 2.456919431005765704e-16
6.428072356153666988e+03 2.382200559538079177e-16
6.430050643810982365e+03 2.408051443679371792e-16
6.432028899210865347e+03 2.367585251880642868e-16
6.434007122337374312e+03 2.352757789482834129e-16
6.435985313174564908e+03 2.442443183979523442e-16
6.437963471706496421e+03 2.305925820818514033e-16
6.439941597917226318e+03 2.447337222956206399e-16
6.441919691790812067e+03 2.426448280807883920e-16
6.443897753311311135e+03 2.530179668105349166e-16
6.445875782462780990e+03 2.482943436264138896e-16
6.447853779229280008e+03 2.426441767335574091e-16
6.449831743594865657e+03 2.344483876908459021e-16
6.451809675543594494e+03 2.493797797132493683e-16
6.453787575059526716e+03 2.438641015820931687e-16
6.455765442126717062e+03 2.396066918141843132e-16
6.457743276729224817e+03 2.375435424371733067e-16
6.459721078851107450e+03 2.289564144882625599e-16
6.461698848476423336e+03 2.358529124213030830e-16
6.463676585589228125e+03 2.376118695472276511e-16
6.465654290173581103e+03 2.415664337432614022e-16
6.467631962213539737e+03 2.466381096442117957e-16
6.469609601693162404e+03 2.401604714609950047e-16
6.471587208596504752e+03 2.358602133826599791e-16
6.473564782907626068e+03 2.509052937152689471e-16
6.475542324610583819e+03 2.353942179213761119e-16
6.477519833689433653e+03 2.330663721415636642e-16
6.479497310128237586e+03 2.517246876736811588e-16
6.481474753911048538e+03 2.564289891737840579e-16
6.483452165021927613e+03 2.338155184952943060e-16
6.485429543444930459e+03 2.433399210137251053e-16
6.487406889164116365e+03 2.520842518600510559e-16
6.489384202163540976e+03 2.398454728435625509e-16
6.491361482427264491e+03 2.470205218295440334e-16
6.493338729939341647e+03 2.434394401912997752e-16
6.495315944683832640e+03 2.458622128068848501e-16
6.497293126644794029e+03 2.410219324244257614e-16
6.499270275806284189e+03 2.426919222987644962e-16
6.501247392152358771e+03 2.469704384792045790e-16
6.503224475667077968e+03 2.455312827802132877e-16
6.505201526334498340e+03 2.540783859669824670e-16
6.507178544138676443e+03 2.427935567227859332e-16
6.509155529063672475e+03 2.494865927206715216e-16
6.511132481093542083e+03 2.480523177390134991e-16
6.513109400212343644e+03 2.491642755015503772e-16
6.515086286404134626e+03 2.528378017235594472e-16
6.517063139652973405e+03 2.502866286743197278e-16
6.519039959942916539e+03 2.465703685545369953e-16
6.521016747258021496e+03 2.517043371666007927e-16
6.522993501582348472e+03 2.421147778033043286e-16
6.524970222899952205e+03 2.408116995316419425e-16
6.526946911194891072e+03 2.409091535659816361e-16
6.528923566451224360e+03 2.434077183667761169e-16
6.530900188653007717e+03 2.406380060752198945e-16
6.532876777784300430e+03 2.375460205239633965e-16
6.534853333829158146e+03 2.466422909846294417e-16
6.536829856771641062e+03 2.457629068929183277e-16
6.538806346595804825e+03 2.440998091312373924e-16
6.540782803285707814e+03 2.317046414160036002e-16
6.542759226825407495e+03 2.301713357400731687e-16
6.544735617198962245e+03 2.419578671560425253e-16
6.546711974390429532e+03 2.369121960270752416e-16
6.548688298383865913e+03 2.471658437404891872e-16
6.550664589163330675e+03 2.470714260695129922e-16
6.552640846712880375e+03 2.422757324879923968e-16
6.554617071016573391e+03 2.377565835805428816e-16
6.556593262058466280e+03 2.554741874850937073e-16
6.558569419822617419e+03 2.368700373155856043e-16
6.560545544293085186e+03 2.433345505175917273e-16
6.562521635453926137e+03 2.371588956473694760e-16
6.564497693289197741e+03 2.495811526946556136e-16
6.566473717782959284e+03 2.436425687680721445e-16
6.568449708919266413e+03 2.417521175653549045e-16
6.570425666682178417e+03 2.447476182931817609e-16
6.572401591055752760e+03 2.440634284643137666e-16
6.574377482024046913e+03 2.490400981486078774e-16
6.576353339571118340e+03 2.438084978205055932e-16
6.578329163681022692e+03 2.339356607237051394e-16
6.580304954337821982e+03 2.347282817186297567e-16
6.582280711525570950e+03 2.383616980544649210e-16
6.584256435228327973e+03 2.340622940511692774e-16
6.586232125430149608e+03 2.462900604650797936e-16
6.588207782115096052e+03 2.417808984364473067e-16
6.590183405267222042e+03 2.433160947232521531e-16
6.592158994870587776e+03 2.333832652557954570e-16
6.594134550909249811e+03 2.326536860536235505e-16
6.596110073367264704e+03 2.456182309299975961e-16
6.598085562228692652e+03 2.324444538985017570e-16
6.600061017477588393e+03 2.245232898430864419e-16
6.602036439098012124e+03 2.313287432472067653e-16
6.604011827074020403e+03 2.380029338063002497e-16
6.605987181389671605e+03 2.423911774734601211e-16
6.607962502029022289e+03 2.383086177970256290e-16
6.609937788976130832e+03 2.430599424802704012e-16
6.611913042215053792e+03 2.447071042278672503e-16
6.613888261729850456e+03 2.360619022959977464e-16
6.615863447504578289e+03 2.360527494578110264e-16
6.617838599523292942e+03 2.394535214864268720e-16
6.619813717770055518e+03 2.374932555116931424e-16
6.621788802228920758e+03 2.497233237161960147e-16
6.623763852883947038e+03 2.353421124505602711e-16
6.625738869719192735e+03 2.395259961178317789e-16
6.627713852718714406e+03 2.296511902816070503e-16
6.629688801866571339e+03 2.450477630079189078e-16
6.631663717146820090e+03 2.502431788291432289e-16
6.633638598543518128e+03 2.441407965062903707e-16
6.635613446040723829e+03 2.370406112808854728e-16
6.637588259622494661e+03 2.341272659584131654e-16
6.639563039272889000e+03 2.352491609687840836e-16
6.641537784975962495e+03 2.298574446204642454e-16
6.643512496715773523e+03 2.375095176648413371e-16
6.645487174476381369e+03 2.388170549993094422e-16
6.647461818241842593e+03 2.325308392847874945e-16
6.649436427996214661e+03 2.293526144207756677e-16
6.651411003723555041e+03 2.282522395143580991e-16
6.653385545407922109e+03 2.267654380450970360e-16
6.655360053033373333e+03 2.418982628515247650e-16
6.657334526583967090e+03 2.388366246737315354e-16
6.659308966043758119e+03 2.506710768822773820e-16
6.661283371396808434e+03 2.321345910388590111e-16
6.663257742627172775e+03 2.334098246179442726e-16
6.665232079718908608e+03 2.320155356178215990e-16
6.667206382656075220e+03 2.329740024945682847e-16
6.669180651422730080e+03 2.386770725048163406e-16
6.671154886002928833e+03 2.428609551874187982e-16
6.673129086380731678e+03 2.349003850869967250e-16
6.675103252540195172e+03 2.340584072469890775e-16
6.677077384465377691e+03 2.494411671537736851e-16
6.679051482140335793e+03 2.380641452913300401e-16
6.681025545549126946e+03 2.370825909942962849e-16
6.682999574675810436e+03 2.371122924016578905e-16
6.684973569504442821e+03 2.420237629022995366e-16
6.686947530019080659e+03 2.276233135041118427e-16
6.688921456203785056e+03 2.416131776457518788e-16
6.690895348042609839e+03 2.539543995320111389e-16
6.692869205519615207e+03 2.309196820274031655e-16
6.694843028618857716e+03 2.392380514225515633e-16
6.696816817324396652e+03 2.355896301818760388e-16
6.698790571620286755e+03 2.435315598743468333e-16
6.700764291490588221e+03 2.373711963306680594e-16
6.702737976919357607e+03 2.347477263986554473e-16
6.704711627890652380e+03 2.342265431679534694e-16
6.706685244388530919e+03 2.353106499939542222e-16
6.708658826397049779e+03 2.405078451731099847e-16
6.710632373900268249e+03 2.384003593555839864e-16
6.712605886882242885e+03 2.329357235343215092e-16
6.714579365327032065e+03 2.401649791394199853e-16
6.716552809218692346e+03 2.389956252718724674e-16
6.718526218541283015e+03 2.410360410533507724e-16
6.720499593278860630e+03 2.272771684979019793e-16
6.722472933415481748e+03 2.356148595221753724e-16
6.724446238935206566e+03 2.366897989365142720e-16
6.726419509822091641e+03 2.375936651981102995e-16
6.728392746060193531e+03 2.364293201233569430e-16
6.730365947633571523e+03 2.373183706440294217e-16
6.732339114526283083e+03 2.330726597514954762e-16
6.734312246722384771e+03 2.297240523976906803e-16
6.736285344205934962e+03 2.347868361278905863e-16
6.738258406960992033e+03 2.347666570029717052e-16
6.740231434971612543e+03 2.468746982105114851e-16
6.742204428221853959e+03 2.324654914871859525e-16
6.744177386695775567e+03 2.378609247969433719e-16
6.746150310377433016e+03 2.434127025253572452e-16
6.748123199250885591e+03 2.483044935994360268e-16
6.750096053300189851e+03 2.382995694150007951e-16
6.752068872509404173e+03 2.510525407916977903e-16
6.754041656862586024e+03 2.448599928258292351e-16
6.756014406343793780e+03 2.344093283369880465e-16
6.757987120937083091e+03 2.388195476356453092e-16
6.759959800626514152e+03 2.460082185162440001e-16
6.761932445396142612e+03 2.459716167263383105e-16
6.763905055230026846e+03 2.419980051370371715e-16
6.765877630112225233e+03 2.433342119651481476e-16
6.767850170026793421e+03 2.270087943821863108e-16
6.769822674957792515e+03 2.457620392650698677e-16
6.771795144889276344e+03 2.387137653444436899e-16
6.773767579805306013e+03 2.478613049268365630e-16
6.775739979689936263e+03 2.511465717002832095e-16
6.777712344527226378e+03 2.420773870522814590e-16
6.779684674301233827e+03 2.328834401675693123e-16
6.781656968996016076e+03 2.496855275871452051e-16
6.783629228595631503e+03 2.406071903247546011e-16
6.785601453084136665e+03 2.468102127847297515e-16
6.787573642445589030e+03 2.445955396995086670e-16
6.789545796664047884e+03 2.493055452388525037e-16
6.791517915723568876e+03 2.459524726023444783e-16
6.793489999608211292e+03 2.331999640975205721e-16
6.795462048302033509e+03 2.444028774909284073e-16
6.797434061789090265e+03 2.428245523349367604e-16
6.799406040053441757e+03 2.388160369620626112e-16
6.801377983079144542e+03 2.464233442945705604e-16
6.803349890850256998e+03 2.421826199024537444e-16
6.805321763350835681e+03 2.330691721828500691e-16
6.807293600564938970e+03 2.389659926153838720e-16
6.809265402476625241e+03 2.525635522286395472e-16
6.811237169069950141e+03 2.365751064776287567e-16
6.813208900328973868e+03 2.455147057010228810e-16
6.815180596237752070e+03 2.383641123317089416e-16
6.817152256780344032e+03 2.405403539990443198e-16
6.819123881940806314e+03 2.351336255107452072e-16
6.821095471703196381e+03 2.457339859561990835e-16
6.823067026051572611e+03 2.351464990277488768e-16
6.825038544969992472e+03 2.350750857319374056e-16
6.827010028442513430e+03 2.290994568279646758e-16
6.828981476453192954e+03 2.193932530826329011e-16
6.830952888986090329e+03 2.318785189302308573e-16
6.832924266025260295e+03 2.347807389280095753e-16
6.834895607554763956e+03 2.281772825835322232e-16
6.836866913558656051e+03 2.342875990626922308e-16
6.838838184020995868e+03 2.294101217070925756e-16
6.840809418925840873e+03 2.242332361956548853e-16
6.842780618257247625e+03 2.309316362336654405e-16
6.844751781999275408e+03 2.286272367182602742e-16
6.846722910135980783e+03 2.293256208452023084e-16
6.848694002651422124e+03 2.342947929183065918e-16
6.850665059529656901e+03 2.360164155593133192e-16
6.852636080754742579e+03 2.220420887466057520e-16
6.854607066310736627e+03 2.211830416309483233e-16
6.856578016181696512e+03 2.276859357244986317e-16
6.858548930351680610e+03 2.191536149828028927e-16
6.860519808804747299e+03 2.244087219945581469e-16
6.862490651524952227e+03 2.300907009945946261e-16
6.864461458496354680e+03 2.268342409541873719e-16
6.866432229703011217e+03 2.171428609180735526e-16
6.868402965128980213e+03 2.262610466033002917e-16
6.870373664758319137e+03 2.189722812784301229e-16
6.872344328575086365e+03 2.246019248511200954e-16
6.874314956563338455e+03 2.219633573960073744e-16
6.876285548707133785e+03 2.107450322007801824e-16
6.878256104990528911e+03 1.867216978930778224e-16
6.880226625397583121e+03 1.690537300631728438e-16
6.882197109912353881e+03 1.576808626806056593e-16
6.884167558518897749e+03 1.600993906840336313e-16
6.886137971201273103e+03 1.848808821733656316e-16
6.888108347943536501e+03 1.903412411171230868e-16
6.890078688729748137e+03 1.987835659633082221e-16
6.892048993543963661e+03 2.226236413003753180e-16
6.894019262370240540e+03 2.233833055565821326e-16
6.895989495192637150e+03 2.028457508972487998e-16
6.897959691995210960e+03 2.106379518675854777e-16
6.899929852762021255e+03 1.991751767412691881e-16
6.901899977477122775e+03 2.002661923781181980e-16
6.903870066124574805e+03 2.092456215836800748e-16
6.905840118688434814e+03 2.030551762101933844e-16
6.907810135152762086e+03 2.178030405201707680e-16
6.909780115501611363e+03 2.116682334571605029e-16
6.911750059719041019e+03 2.070959265417670803e-16
6.913719967789110342e+03 2.120002730159532856e-16
6.915689839695875889e+03 2.231890094786139362e-16
6.917659675423396038e+03 2.234995251992337436e-16
6.919629474955726437e+03 2.246216004196944107e-16
6.921599238276927281e+03 2.325522576876726126e-16
6.923568965371055128e+03 2.246957116285594743e-16
6.925538656222168356e+03 2.272445070808517719e-16
6.927508310814322613e+03 2.226803498333931562e-16
6.929477929131577184e+03 2.341493331521767909e-16
6.931447511157990448e+03 2.335832573543293854e-16
6.933417056877618052e+03 2.258604254427013526e-16
6.935386566274519282e+03 2.234555946619178726e-16
6.937356039332750697e+03 2.366759850334843502e-16
6.939325476036370674e+03 2.253415300972582666e-16
6.941294876369437588e+03 2.304130191689003062e-16
6.943264240316007090e+03 2.279577273753213479e-16
6.945233567860139374e+03 2.380985484314152483e-16
6.947202858985889179e+03 2.284282224205864286e-16
6.949172113677316702e+03 2.485684084183417780e-16
6.951141331918478500e+03 2.435114391118621566e-16
6.953110513693432040e+03 2.449134218458695313e-16
6.955079658986234790e+03 2.470042789454122246e-16
6.957048767780946946e+03 2.396922932399084743e-16
6.959017840061622337e+03 2.419961350890486341e-16
6.960986875812321159e+03 2.416526944624062815e-16
6.962955875017099970e+03 2.445473156315720890e-16
6.964924837660018056e+03 2.369290835669755961e-16
6.966893763725131066e+03 2.461040503847890991e-16
6.968862653196497376e+03 2.418384610890301537e-16
6.970831506058175364e+03 2.500520763365280932e-16
6.972800322294221587e+03 2.400472195990764168e-16
6.974769101888694422e+03 2.463540408004328655e-16
6.976737844825651337e+03 2.455524917800805200e-16
6.978706551089149798e+03 2.465315238651151255e-16
6.980675220663248183e+03 2.399339469159076791e-16
6.982643853532003959e+03 2.526882144155760921e-16
6.984612449679474594e+03 2.458168319241704371e-16
6.986581009089716645e+03 2.419875927125639483e-16
6.988549531746789398e+03 2.476693227312097207e-16
